Single-nucleotide polymorphisms (SNPs) in mixed-population samples.
Frequencies (4% < fr < 96%) extracted from tables S1-S7 of the 
Supplementary Data for paper https://doi.org/10.1101/sqb.2009.74.018


frequencies at generation 2000
0.100
0.128
0.148
0.069
0.101
0.044
0.038

frequencies at generation 5000
0.944
0.929
0.068
0.949
0.045

frequencies at generation 10000
0.456
0.331
0.616
0.432
0.538
0.341
0.573
0.390
0.331
0.162
0.136
0.230
0.098
0.081
0.103
0.098
0.087
0.055
0.069
0.073

frequencies at generation 15000
0.828
0.906
0.912
0.903
0.947
0.919
0.945
0.913
0.041
0.958
0.077
0.912
0.076
0.939
0.959
0.059
0.952
0.046
0.956

frequencies at generation 20000
0.353
0.056
0.045
0.111
0.099
0.06

frequencies at generation 30000
0.411
0.353
0.571
0.500
0.513
0.315
0.512
0.512
0.509
0.529
0.499
0.555
0.490
0.555
0.510
0.529
0.557
0.547
0.539
0.425
0.531
0.555
0.573
0.509
0.520
0.524
0.524
0.523
0.562
0.488
0.600
0.654
0.583
0.618
0.357
0.634
0.559
0.629
0.519
0.481
0.567
0.555
0.600
0.496
0.567
0.487
0.406
0.498
0.537
0.517
0.597
0.648
0.618
0.635
0.580
0.479
0.591
0.551
0.544
0.664
0.609
0.476
0.545
0.410
0.536
0.560
0.628
0.567
0.680
0.568
0.627
0.632
0.519
0.277
0.653
0.394
0.489
0.502
0.501
0.572
0.536
0.525
0.346
0.542
0.511
0.545
0.453
0.310
0.543
0.713
0.358
0.489
0.551
0.632
0.679
0.585
0.409
0.660
0.542
0.395
0.345
0.430
0.607
0.324
0.345
0.321
0.637
0.324
0.713
0.626
0.230
0.362
0.266
0.308
0.434
0.514
0.265
0.627
0.250
0.669
0.353
0.221
0.495
0.583
0.396
0.354
0.273
0.719
0.321
0.292
0.271
0.281
0.273
0.395
0.273
0.272
0.296
0.193
0.290
0.284
0.302
0.693
0.324
0.311
0.733
0.353
0.238
0.360
0.657
0.364
0.383
0.330
0.270
0.261
0.517
0.324
0.244
0.213
0.253
0.510
0.304
0.376
0.740
0.272
0.293
0.266
0.291
0.263
0.240
0.304
0.303
0.266
0.247
0.242
0.294
0.360
0.221
0.265
0.241
0.684
0.243
0.310
0.312
0.303
0.250
0.255
0.301
0.267
0.237
0.257
0.282
0.231
0.377
0.271
0.309
0.683
0.305
0.443
0.212
0.693
0.259
0.559
0.274
0.187
0.196
0.216
0.410
0.313
0.242
0.340
0.323
0.378
0.233
0.375
0.195
0.194
0.294
0.297
0.231
0.301
0.324
0.277
0.174
0.290
0.363
0.339
0.237
0.289
0.174
0.307
0.244
0.207
0.244
0.700
0.296
0.286
0.203
0.237
0.217
0.269
0.314
0.167
0.236
0.236
0.189
0.504
0.290
0.201
0.185
0.215
0.182
0.376
0.211
0.238
0.216
0.877
0.148
0.394
0.202
0.886
0.168
0.149
0.156
0.212
0.247
0.217
0.212
0.158
0.258
0.181
0.182
0.894
0.128
0.284
0.126
0.169
0.211
0.164
0.158
0.894
0.283
0.114
0.128
0.103
0.567
0.113
0.177
0.145
0.062
0.909
0.175
0.136
0.904
0.096
0.091
0.211
0.073
0.095
0.077
0.073
0.071
0.924
0.075
0.936
0.129
0.080
0.104
0.105
0.178
0.087
0.072
0.069
0.076
0.100
0.065
0.071
0.080
0.060
0.060
0.070
0.051
0.071
0.057
0.065
0.079
0.075
0.061
0.893
0.938
0.059
0.053
0.906
0.077
0.931
0.066
0.929
0.066
0.047
0.061
0.939
0.067
0.912
0.077
0.067
0.074
0.071
0.055
0.057
0.059
0.064
0.062
0.117
0.055
0.054
0.059
0.060
0.050
0.074
0.050
0.054
0.065
0.048
0.050
0.049

frequencies at generation 40000
0.543
0.439
0.550
0.543
0.485
0.485
0.522
0.515
0.551
0.579
0.520
0.527
0.649
0.507
0.528
0.477
0.548
0.510
0.436
0.532
0.574
0.465
0.537
0.501
0.571
0.508
0.445
0.527
0.518
0.542
0.512
0.476
0.483
0.457
0.487
0.500
0.533
0.501
0.495
0.499
0.594
0.392
0.514
0.547
0.465
0.579
0.512
0.501
0.466
0.513
0.547
0.587
0.508
0.495
0.497
0.517
0.598
0.573
0.489
0.502
0.522
0.551
0.561
0.594
0.481
0.457
0.516
0.477
0.434
0.277
0.564
0.639
0.531
0.454
0.568
0.560
0.533
0.514
0.467
0.475
0.472
0.548
0.515
0.521
0.547
0.536
0.574
0.478
0.551
0.589
0.510
0.485
0.475
0.502
0.493
0.569
0.502
0.464
0.476
0.477
0.541
0.431
0.447
0.512
0.497
0.583
0.559
0.516
0.546
0.485
0.533
0.535
0.504
0.482
0.470
0.534
0.496
0.546
0.491
0.528
0.510
0.581
0.511
0.618
0.567
0.543
0.465
0.648
0.576
0.442
0.534
0.583
0.476
0.503
0.389
0.509
0.577
0.534
0.397
0.464
0.585
0.362
0.472
0.534
0.399
0.458
0.592
0.516
0.437
0.536
0.457
0.482
0.501
0.403
0.453
0.579
0.591
0.557
0.468
0.353
0.412
0.432
0.509
0.521
0.511
0.411
0.613
0.449
0.543
0.503
0.573
0.625
0.467
0.475
0.481
0.533
0.456
0.500
0.507
0.525
0.424
0.550
0.450
0.492
0.387
0.544
0.526
0.414
0.516
0.486
0.545
0.554
0.447
0.531
0.543
0.462
0.568
0.516
0.545
0.512
0.623
0.587
0.442
0.508
0.474
0.468
0.427
0.480
0.532
0.420
0.584
0.554
0.526
0.396
0.340
0.454
0.454
0.501
0.525
0.576
0.482
0.592
0.534
0.461
0.519
0.570
0.508
0.523
0.508
0.488
0.400
0.484
0.394
0.547
0.514
0.492
0.565
0.393
0.414
0.341
0.301
0.558
0.404
0.571
0.560
0.594
0.493
0.447
0.449
0.614
0.369
0.395
0.606
0.612
0.583
0.595
0.403
0.623
0.606
0.560
0.381
0.390
0.592
0.405
0.586
0.516
0.528
0.549
0.467
0.355
0.515
0.516
0.399
0.476
0.610
0.599
0.508
0.467
0.641
0.457
0.483
0.543
0.580
0.388
0.459
0.437
0.564
0.534
0.589
0.416
0.405
0.481
0.640
0.467
0.447
0.585
0.387
0.444
0.432
0.451
0.575
0.505
0.439
0.612
0.608
0.536
0.671
0.559
0.402
0.396
0.561
0.490
0.445
0.472
0.454
0.489
0.590
0.535
0.427
0.386
0.447
0.414
0.587
0.565
0.595
0.578
0.452
0.373
0.611
0.369
0.439
0.486
0.519
0.624
0.499
0.385
0.498
0.574
0.485
0.496
0.527
0.628
0.513
0.566
0.557
0.482
0.457
0.529
0.492
0.439
0.465
0.423
0.391
0.525
0.537
0.394
0.546
0.411
0.470
0.578
0.309
0.410
0.382
0.496
0.629
0.470
0.479
0.473
0.376
0.520
0.479
0.368
0.606
0.493
0.633
0.366
0.460
0.451
0.525
0.448
0.544
0.311
0.526
0.296
0.503
0.675
0.593
0.400
0.434
0.490
0.512
0.390
0.457
0.489
0.426
0.381
0.391
0.493
0.550
0.504
0.592
0.399
0.631
0.538
0.374
0.478
0.476
0.625
0.609
0.604
0.361
0.279
0.571
0.334
0.577
0.388
0.410
0.429
0.538
0.407
0.388
0.406
0.561
0.480
0.355
0.425
0.378
0.529
0.371
0.616
0.396
0.498
0.444
0.477
0.376
0.509
0.611
0.547
0.435
0.450
0.421
0.583
0.464
0.459
0.447
0.589
0.363
0.397
0.395
0.472
0.416
0.536
0.444
0.316
0.639
0.327
0.393
0.286
0.602
0.392
0.360
0.429
0.491
0.447
0.422
0.622
0.499
0.325
0.271
0.592
0.341
0.661
0.453
0.647
0.477
0.365
0.564
0.521
0.475
0.443
0.352
0.593
0.453
0.200
0.415
0.509
0.614
0.423
0.580
0.439
0.464
0.438
0.532
0.664
0.666
0.341
0.439
0.579
0.637
0.574
0.438
0.459
0.425
0.236
0.417
0.311
0.390
0.617
0.564
0.430
0.510
0.276
0.467
0.606
0.360
0.524
0.256
0.477
0.415
0.340
0.604
0.410
0.513
0.520
0.445
0.187
0.514
0.472
0.535
0.424
0.268
0.387
0.582
0.418
0.462
0.555
0.254
0.503
0.346
0.382
0.383
0.325
0.504
0.346
0.606
0.682
0.217
0.369
0.499
0.444
0.301
0.429
0.329
0.352
0.365
0.313
0.578
0.515
0.580
0.489
0.446
0.288
0.531
0.650
0.316
0.356
0.290
0.369
0.348
0.399
0.357
0.379
0.391
0.379
0.339
0.441
0.432
0.408
0.427
0.452
0.377
0.270
0.440
0.332
0.431
0.423
0.606
0.187
0.355
0.351
0.600
0.295
0.498
0.262
0.390
0.275
0.434
0.313
0.414
0.324
0.375
0.644
0.479
0.267
0.464
0.579
0.585
0.683
0.431
0.457
0.600
0.350
0.329
0.298
0.380
0.238
0.427
0.658
0.249
0.248
0.295
0.466
0.250
0.271
0.351
0.264
0.275
0.343
0.448
0.336
0.443
0.371
0.556
0.395
0.309
0.641
0.630
0.309
0.331
0.354
0.325
0.251
0.265
0.471
0.344
0.619
0.415
0.358
0.380
0.410
0.388
0.696
0.708
0.454
0.395
0.336
0.287
0.333
0.326
0.576
0.274
0.600
0.171
0.285
0.258
0.422
0.317
0.233
0.398
0.565
0.621
0.553
0.346
0.190
0.255
0.599
0.325
0.303
0.294
0.241
0.203
0.354
0.307
0.128
0.577
0.331
0.364
0.260
0.363
0.302
0.291
0.345
0.112
0.304
0.244
0.375
0.261
0.286
0.274
0.250
0.737
0.311
0.333
0.412
0.228
0.406
0.418
0.379
0.300
0.273
0.341
0.375
0.713
0.305
0.299
0.407
0.333
0.258
0.685
0.233
0.300
0.292
0.370
0.245
0.244
0.233
0.161
0.261
0.370
0.280
0.292
0.395
0.214
0.433
0.295
0.195
0.247
0.162
0.254
0.283
0.373
0.246
0.482
0.612
0.185
0.386
0.199
0.235
0.234
0.278
0.231
0.268
0.187
0.209
0.243
0.418
0.209
0.234
0.690
0.195
0.264
0.312
0.403
0.177
0.250
0.294
0.205
0.189
0.245
0.729
0.223
0.430
0.218
0.192
0.212
0.202
0.267
0.197
0.247
0.303
0.269
0.381
0.645
0.437
0.350
0.236
0.172
0.205
0.165
0.247
0.272
0.448
0.223
0.232
0.219
0.269
0.149
0.585
0.767
0.176
0.199
0.214
0.253
0.312
0.167
0.153
0.218
0.281
0.207
0.275
0.247
0.227
0.134
0.161
0.187
0.226
0.218
0.233
0.174
0.206
0.268
0.154
0.196
0.227
0.188
0.261
0.354
0.293
0.254
0.145
0.222
0.119
0.180
0.150
0.419
0.242
0.182
0.251
0.254
0.243
0.127
0.563
0.216
0.140
0.122
0.158
0.104
0.231
0.298
0.743
0.169
0.260
0.156
0.135
0.156
0.191
0.296
0.192
0.123
0.701
0.192
0.195
0.189
0.173
0.281
0.122
0.106
0.439
0.164
0.212
0.396
0.154
0.167
0.175
0.282
0.170
0.216
0.172
0.146
0.169
0.120
0.131
0.132
0.105
0.120
0.127
0.148
0.185
0.179
0.106
0.150
0.162
0.137
0.166
0.162
0.092
0.153
0.124
0.157
0.110
0.177
0.216
0.158
0.178
0.149
0.127
0.110
0.140
0.132
0.174
0.120
0.069
0.083
0.103
0.184
0.086
0.139
0.088
0.112
0.094
0.141
0.091
0.158
0.097
0.082
0.145
0.088
0.076
0.108
0.175
0.137
0.081
0.124
0.178
0.089
0.120
0.123
0.107
0.114
0.135
0.134
0.110
0.093
0.082
0.137
0.138
0.105
0.072
0.084
0.105
0.097
0.102
0.089
0.092
0.121
0.208
0.038
0.100
0.136
0.073
0.131
0.107
0.063
0.108
0.093
0.102
0.132
0.109
0.100
0.107
0.111
0.081
0.095
0.109
0.094
0.097
0.071
0.074
0.314
0.140
0.085
0.069
0.081
0.080
0.089
0.072
0.071
0.081
0.080
0.334
0.109
0.040
0.071
0.107
0.074
0.154
0.144
0.072
0.117
0.095
0.120
0.094
0.086
0.046
0.074
0.778
0.094
0.075
0.090
0.145
0.076
0.052
0.083
0.103
0.064
0.087
0.076
0.063
0.089
0.076
0.067
0.067
0.059
0.086
0.074
0.063
0.067
0.058
0.062
0.042
0.064
0.064
0.060
0.052
0.047
0.072
0.054
0.057
0.048
0.057
0.060
0.045
0.065
0.053
0.084
0.085
0.041
0.069
0.063
0.044
0.100
0.081
0.043
0.046
0.104
0.100
0.073
0.059
0.074
0.065
0.043
0.086
