Rearrangements detected in 40000-generation clones sampled from each of the 12 populations of the LTEE
Size(bp)

population Ara+1
2788574
607496
470659
263118
8618
10651
578
6292
19525
6093
48892

population Ara+2
6138
40792
1444004
13711
0
10379
22146
1538422
60769
27357
837
15458

population Ara+3
40792
171581
23293
22146
6164

population Ara+4
11806
12090
23293
22146
13501
11078
3948
179808

population Ara+5
27055
0
22146
39627
55766
283
29092
0

population Ara+6
8618
9290
6292
2232
22146
407
20893
5160

population Ara-1
8176
1493854
23293
22146
8042
6927

population Ara-2
28644
164027
6292
23293
22146
795319
4901
3471

population Ara-3
2650
6631
2933
426
1984
187213
10346
616
6292
2441
23300
35821
2998790
2758905
108143
3268
175
6461
345
38943

population Ara-4
71413
164027
6292
23293
22146
38314
834534
6409

population Ara-5
71
10873
1617342
6292
23293
22146
5624

population Ara-6
41854
11081
13806
7839
6707
831065
739931
188009
21788
