-50	-150	2.523924523927218
-50	-140	2.5940379751945652
-50	-130	2.6667755769855406
-50	-120	2.7424027495219625
-50	-110	2.82129410871496
-50	-100	2.903979767885125
-50	-90	2.991204304081944
-50	-80	3.0839898180202137
-50	-70	3.1836788727148675
-50	-60	3.2919009066263514
-50	-50	3.410325066228469
-50	-40	3.5398541484743182
-50	-30	3.678317248671784
-50	-20	3.8141983162312423
-50	-10	3.9185330921676247
-50	0	3.955161185377913
-50	10	3.912294057400613
-50	20	3.810982227193238
-50	30	3.6759817204013854
-50	40	3.5288868308080743
-50	50	3.38410822030009
-50	60	3.2478934046731807
-50	70	3.122159032230128
-50	80	3.0069429519526674
-50	90	2.901382388682231
-50	100	2.8042665213339086
-50	110	2.714372908678689
-50	120	2.630621941630137
-50	130	2.5521187194196226
-50	140	2.478143173199091
-50	150	2.4081227882983836
-50	160	2.341603265452028
-50	170	2.2782226765268305
-50	180	2.217690402848826
-50	190	2.1597705396225333
-50	200	2.1042689978734055
-50	210	2.0510235321456265
-50	220	1.9998960582753207
-50	230	1.950766773272733
-50	240	1.903529705557047
-50	250	1.8580894039165012
-50	260	1.8143585273882903
-50	270	1.7722561370260614
-50	280	1.731706521776335
-50	290	1.692638417865147
-50	300	1.6549845052877659
-50	310	1.6186810866411054
-50	320	1.583667873262719
-50	330	1.549887822173123
-50	340	1.5172869850194202
-50	350	1.4858143467088356
-40	-150	2.6049141157574915
-40	-140	2.6814880691411807
-40	-130	2.761295652122388
-40	-120	2.844719375677502
-40	-110	2.9323061520579334
-40	-100	3.0248552694664084
-40	-90	3.123553863422306
-40	-80	3.230169687415808
-40	-70	3.347305815214253
-40	-60	3.4787241493294143
-40	-50	3.6297239064473112
-40	-40	3.807427246934469
-40	-30	4.020729050962746
-40	-20	4.2736590542634465
-40	-10	4.500852529113445
-40	0	4.584480377415073
-40	10	4.465913695341136
-40	20	4.2734476604620815
-40	30	4.043214701988935
-40	40	3.81700279016106
-40	50	3.6150148248830667
-40	60	3.4371724450243364
-40	70	3.2807789996894976
-40	80	3.1429176678336677
-40	90	3.020356241033568
-40	100	2.9100989192504314
-40	110	2.809702186687221
-40	120	2.717288345950557
-40	130	2.6314452293152484
-40	140	2.5511136961939225
-40	150	2.475494320211143
-40	160	2.4039771737189293
-40	170	2.336090835686321
-40	180	2.2714656986838433
-40	190	2.2098074536121137
-40	200	2.1508777202112004
-40	210	2.0944797287229724
-40	220	2.040447653233724
-40	230	1.9886386648073284
-40	240	1.9389270621555277
-40	250	1.8912000081430207
-40	260	1.8453545033868899
-40	270	1.8012952983859682
-40	280	1.758933500729289
-40	290	1.7181856802111235
-40	300	1.6789733134811824
-40	310	1.6412224420778652
-40	320	1.6048634452620674
-40	330	1.569830854376091
-40	340	1.5360631600089452
-40	350	1.5035025867739458
-30	-150	2.6888255623275907
-30	-140	2.7723232591103133
-30	-130	2.8597066910883426
-30	-120	2.9514722452501148
-30	-110	3.0483272561930113
-30	-100	3.1513211419362808
-30	-90	3.262081416735248
-30	-80	3.3831998984608713
-30	-70	3.5188205826607284
-30	-60	3.67559106366313
-30	-50	3.864444857907814
-30	-40	4.104185104996318
-30	-30	4.4285370842822624
-30	-20	4.998717002974534
-30	-10	5.665027106815072
-30	0	5.691897400393224
-30	10	5.353343662143198
-30	20	5.003580565822259
-30	30	4.524777394809677
-30	40	4.155900497480974
-30	50	3.8734226355661088
-30	60	3.640249722651689
-30	70	3.445809501773233
-30	80	3.282113490682243
-30	90	3.141329611092401
-30	100	3.017483534133573
-30	110	2.906408236174366
-30	120	2.805236455217984
-30	130	2.711971476885688
-30	140	2.625194971198495
-30	150	2.5438774754431335
-30	160	2.4672557950991822
-30	170	2.394752664745312
-30	180	2.325923035596128
-30	190	2.260417266210528
-30	200	2.1979552116315553
-30	210	2.1383075449485673
-30	220	2.081282094753483
-30	230	2.0267138360023313
-30	240	1.9744576391440714
-30	250	1.9243831270636362
-30	260	1.8763711281587419
-30	270	1.83031131217748
-30	280	1.7861006782733617
-30	290	1.7436426355920063
-30	300	1.702846473576091
-30	310	1.6636270626580458
-30	320	1.6259046606336767
-30	330	1.5896047317515196
-30	340	1.5546577183752617
-30	350	1.5209987387418016
-20	-150	2.7756792478630574
-20	-140	2.8665953873132355
-20	-130	2.962097888566726
-20	-120	3.0627933537820278
-20	-110	3.169519834288561
-20	-100	3.2834944991368893
-20	-90	3.4066564641187824
-20	-80	3.5423308234504662
-20	-70	3.696269584954601
-20	-60	3.8783942890755445
-20	-50	4.106705289366328
-20	-40	4.419157676435045
-20	-30	4.921570235206832
-20	-20	5.622310844393096
-20	-10	7.044771047133813
-20	0	6.54042492857472
-20	10	7.184122046097268
-20	20	6.775429534322367
-20	30	5.149644269010951
-20	40	4.55080930796871
-20	50	4.171433224908696
-20	60	3.8539321310347963
-20	70	3.612029830419351
-20	80	3.420833100962378
-20	90	3.2620168562803205
-20	100	3.1250307137714555
-20	110	3.0036300481565648
-20	120	2.8939152808203534
-20	130	2.793330738164021
-20	140	2.7001317567165057
-20	150	2.61308546802471
-20	160	2.531294633871465
-20	170	2.4540895817480375
-20	180	2.380959307982927
-20	190	2.311505752525339
-20	200	2.245412178733682
-20	210	2.1824205450345295
-20	220	2.12231502642014
-20	230	2.064910055970859
-20	240	2.010041825468906
-20	250	1.957562432090597
-20	260	1.9073359961359981
-20	270	1.8592361969179227
-20	280	1.8131447957074436
-20	290	1.7689508216959382
-20	300	1.7265501768769766
-20	310	1.6858454688403686
-20	320	1.6467459175944779
-20	330	1.6091672178138297
-20	340	1.5730312806606308
-20	350	1.5382658290942677
-10	-150	2.8655078616756873
-10	-140	2.96438244099545
-10	-130	3.068613033598293
-10	-120	3.178938228291906
-10	-110	3.296318405043644
-10	-100	3.4219931053460724
-10	-90	3.557841296839238
-10	-80	3.7075251803406037
-10	-70	3.8782621204112058
-10	-60	4.083169577100329
-10	-50	4.347433396397078
-10	-40	4.726987789086937
-10	-30	5.355134393702614
-10	-20	6.1025255869149255
-10	-10	6.606890718133125
-10	0	7.126934935304428
-10	10	7.817276888600568
-10	20	6.516461916153071
-10	30	5.490066636140853
-10	40	5.108778301834037
-10	50	4.575106402088903
-10	60	4.062684049682186
-10	70	3.76954502164309
-10	80	3.554251616124673
-10	90	3.3799924612873005
-10	100	3.2314436088169027
-10	110	3.100629760754011
-10	120	2.9828789214779183
-10	130	2.875236834406212
-10	140	2.7757285824063427
-10	150	2.6829755714356267
-10	160	2.5959815790865965
-10	170	2.5140064249571865
-10	180	2.4364875804275785
-10	190	2.3629887963601264
-10	200	2.2931644094373613
-10	210	2.226733404423536
-10	220	2.163460319672549
-10	230	2.103141475581617
-10	240	2.0455954506818856
-10	250	1.990656819416934
-10	260	1.9381722463896631
-10	270	1.887998193413061
-10	280	1.8399996927077993
-10	290	1.794049808410635
-10	300	1.7500295178363923
-10	310	1.7078277980792569
-10	320	1.6673417293596946
-10	330	1.6284764563630194
-10	340	1.591144903735577
-10	350	1.5552672204551277
0	-150	2.9583556818212697
0	-140	3.0657808864323335
0	-130	3.1794275533167338
0	-120	3.3002616961383793
0	-110	3.4295245808346544
0	-100	3.568435652757977
0	-90	3.7178675582095697
0	-80	3.880496500745573
0	-70	4.065222580399695
0	-60	4.2882879271969205
0	-50	4.582649412754259
0	-40	5.042972350197957
0	-30	5.6459750835458244
0	-20	6.7988803428505165
0	-10	7.063505815551086
0	0	6.894921194129658
0	10	7.188009563385358
0	20	7.708486653817362
0	30	5.614281702245549
0	40	5.638645847237065
0	50	4.735655723645524
0	60	4.216335630067271
0	70	3.90634996319053
0	80	3.6783018207971594
0	90	3.4935721054598385
0	100	3.3359274399614085
0	110	3.1969920295031113
0	120	3.0718893038548516
0	130	2.957540415065533
0	140	2.8518829028942756
0	150	2.753470421752801
0	160	2.661251789196671
0	170	2.574442334124266
0	180	2.4924448971675863
0	190	2.4147975259444148
0	200	2.341135621382168
0	210	2.271163000196148
0	220	2.2046300081271513
0	230	2.1413179555128563
0	240	2.081028928549575
0	250	2.0235796528233
0	260	1.9687980773076603
0	270	1.916521645777107
0	280	1.866596591884898
0	290	1.8188778727901491
0	300	1.773229496636596
0	310	1.729525027612879
0	320	1.6876480316122926
0	330	1.6474922267980026
0	340	1.6089611741045233
0	350	1.5719674789926055
10	-150	3.0542800569741755
10	-140	3.170895225120574
10	-130	3.294686120044975
10	-120	3.4270324073913625
10	-110	3.570106989143361
10	-100	3.7264000425256527
10	-90	3.8939505371700016
10	-80	4.066766941443039
10	-70	4.2604913220176295
10	-60	4.49805460261659
10	-50	4.8032652365229325
10	-40	5.3712516808957025
10	-30	5.600164455609215
10	-20	6.558212196094835
10	-10	6.394513276085689
10	0	6.673216421543592
10	10	6.596265345407219
10	20	6.645830889306082
10	30	5.6155158442343724
10	40	5.359945695883171
10	50	4.731652202650621
10	60	4.315045268767799
10	70	4.021555906518719
10	80	3.7927567548502346
10	90	3.6027680425240507
10	100	3.4385449779683634
10	110	3.2927740693951812
10	120	3.160986300941857
10	130	3.0402653872070826
10	140	2.928606984394973
10	150	2.824573858120573
10	160	2.7271009206004364
10	170	2.6353820293292434
10	180	2.548801026775953
10	190	2.466883936027558
10	200	2.3892600353659272
10	210	2.315628645865551
10	220	2.245733134778974
10	230	2.1793433605667007
10	240	2.116245570381632
10	250	2.056237426418227
10	260	1.999125930998098
10	270	1.9447267931253536
10	280	1.8928645292332604
10	290	1.8433730432255429
10	300	1.7960965791621428
10	310	1.7508908745560925
10	320	1.7076241931644338
10	330	1.6661778324910694
10	340	1.6264457938360148
10	350	1.5883335659712587
20	-150	3.1533645730685955
20	-140	3.2798564294317654
20	-130	3.4144682485660205
20	-120	3.5590653897718094
20	-110	3.717724305018631
20	-100	3.9012120225064555
20	-90	4.12406469671951
20	-80	4.280975422230959
20	-70	4.466881724252103
20	-60	4.7381730535371105
20	-50	5.059478467789406
20	-40	5.379213263539451
20	-30	7.245662963434374
20	-20	6.058893661671529
20	-10	6.075851377912464
20	0	6.307564240899936
20	10	6.30706685910775
20	20	5.8545366893468875
20	30	5.444151670227103
20	40	5.303147623019207
20	50	4.761849721828706
20	60	4.397214068169431
20	70	4.125599713153581
20	80	3.9015969684550473
20	90	3.709427059396627
20	100	3.5402598129242078
20	110	3.3885182607488686
20	120	3.2504914177778574
20	130	3.123611340641837
20	140	3.006032760074694
20	150	2.896380125635745
20	160	2.7935983795857333
20	170	2.6968703973788397
20	180	2.6055706784462425
20	190	2.519228258968782
20	200	2.43748472559721
20	210	2.3600508903241644
20	220	2.2866728334204423
20	230	2.2171123027332054
20	240	2.1511387521663705
20	250	2.0885276834298363
20	260	2.029061285088029
20	270	1.9725294943624316
20	280	1.9187310524531838
20	290	1.8674747580490436
20	300	1.8185811854321334
20	310	1.7718848311437234
20	320	1.7272361981158195
20	330	1.6845030172147244
20	340	1.643569925421265
20	350	1.6043364820830304
30	-150	3.255745986081796
30	-140	3.3929054421259175
30	-130	3.5389709504132583
30	-120	3.695859518133846
30	-110	3.8683555981853015
30	-100	4.074434933330206
30	-90	4.526640310623118
30	-80	4.497730462926044
30	-70	4.669697065107046
30	-60	4.9811091399406555
30	-50	5.4303041069310805
30	-40	5.733409295134358
30	-30	6.185184912616884
30	-20	5.947939291323533
30	-10	6.003859621349896
30	0	5.952132540202103
30	10	5.8512594015610375
30	20	5.63593363867176
30	30	5.349473635849064
30	40	5.071820271155497
30	50	4.7713428014277035
30	60	4.482597112905795
30	70	4.2304600477034295
30	80	4.010587558332823
30	90	3.8164309331916413
30	100	3.6426207176303596
30	110	3.485112178952198
30	120	3.3409398111923623
30	130	3.2079196837423964
30	140	3.0843995374988187
30	150	2.969079780272393
30	160	2.860907775111123
30	170	2.759039093075258
30	180	2.6628358182195573
30	190	2.5718508517367815
30	200	2.485771548238807
30	210	2.404347563528717
30	220	2.327340437303772
30	230	2.2545046040162577
30	240	2.185587595981382
30	250	2.120336059471243
30	260	2.0585010130836108
30	270	1.9998409228138985
30	280	1.9441233579700126
30	290	1.891126525814517
30	300	1.840641746513844
30	310	1.7924771632306877
30	320	1.7464618551931668
30	330	1.7024486114115216
30	340	1.6603137323460304
30	350	1.6199535347166196
40	-150	3.3616311256879245
40	-140	3.5105021046858798
40	-130	3.6689263445102087
40	-120	3.838206716978304
40	-110	4.021047396749347
40	-100	4.222828446528595
40	-90	4.4418864673728145
40	-80	4.643467534426275
40	-70	4.86337868041252
40	-60	5.13830452925916
40	-50	5.491175027617024
40	-40	5.894580312751074
40	-30	6.874126767287394
40	-20	6.002899504855008
40	-10	6.149197009522818
40	0	5.958737973839879
40	10	5.85556934651715
40	20	6.19666056725501
40	30	5.431923968958378
40	40	5.167683960963889
40	50	4.872404326945812
40	60	4.595376223788432
40	70	4.346465484617307
40	80	4.124937344803774
40	90	3.9266298416088983
40	100	3.74729221506333
40	110	3.583570591188402
40	120	3.432968963493182
40	130	3.293613273598395
40	140	3.164029094230278
40	150	3.0429716146719756
40	160	2.929333730068616
40	170	2.822168522833566
40	180	2.720794345657439
40	190	2.6248334954738235
40	200	2.5340966854526443
40	210	2.448423808746193
40	220	2.3676044926251385
40	230	2.2913766000391664
40	240	2.219450958168409
40	250	2.151532448486594
40	260	2.087331309233254
40	270	2.02656723480954
40	280	1.9689700465470241
40	290	1.9142801750758491
40	300	1.862251466496432
40	310	1.812657450173733
40	320	1.7652996895108097
40	330	1.7200142174783264
40	340	1.6766718459152414
40	350	1.6351714227278065
50	-150	3.4712607634438575
50	-140	3.6333227895866678
50	-130	3.805738175356174
50	-120	3.9890183687558793
50	-110	4.183860072361568
50	-100	4.390707602771631
50	-90	4.608010709471631
50	-80	4.835439678293393
50	-70	5.085763370770264
50	-60	5.3860925565244
50	-50	5.698841347591832
50	-40	6.001889977649315
50	-30	6.09499300369027
50	-20	6.2831823234415864
50	-10	6.625984754161459
50	0	6.115031324221348
50	10	6.0616133383826405
50	20	6.009332331322657
50	30	5.607182673997161
50	40	5.687199270671218
50	50	5.065361202331347
50	60	4.7459668197201
50	70	4.478481023948372
50	80	4.247586676751762
50	90	4.042058837330282
50	100	3.8556893185732157
50	110	3.684847596179248
50	120	3.527205755856943
50	130	3.381120594265486
50	140	3.2452887294365445
50	150	3.1184955026202132
50	160	2.999445559951158
50	170	2.8868534247840603
50	180	2.779876966621883
50	190	2.678355750390504
50	200	2.5824388006433545
50	210	2.492148479083413
50	220	2.4072915166596434
50	230	2.3275487699290562
50	240	2.2525600587400874
50	250	2.181966594084633
50	260	2.115425187154807
50	270	2.0526090310300784
50	280	1.9932035233685481
50	290	1.9369025246723366
50	300	1.8834098890787412
50	310	1.8324498798186515
50	320	1.7837849506214776
50	330	1.7372315179087856
50	340	1.692661989747855
50	350	1.6499902538850466
60	-150	3.5848005294352894
60	-140	3.7620840180592534
60	-130	3.951065396399887
60	-120	4.151681199828523
60	-110	4.363589498708606
60	-100	4.586252746634606
60	-90	4.819999144124944
60	-80	5.0711245079183636
60	-70	5.36517583010978
60	-60	5.7220559529170085
60	-50	5.912476272263915
60	-40	6.04811982852997
60	-30	7.289740508959205
60	-20	6.643304067312286
60	-10	6.394225768627586
60	0	6.414402921152459
60	10	6.852123416115612
60	20	6.21096574058167
60	30	5.721121529634673
60	40	5.519790461366482
60	50	5.508223959006443
60	60	4.930446072187081
60	70	4.623578629662475
60	80	4.378692464714334
60	90	4.163812127713115
60	100	3.9688957070946476
60	110	3.7897556562649015
60	120	3.624180079134154
60	130	3.4707805131972824
60	140	3.3285153214714747
60	150	3.1962933470535626
60	160	3.0724286352461587
60	170	2.9545132220213546
60	180	2.8410494802865367
60	190	2.7327352384564514
60	200	2.630723722254937
60	210	2.535302228501483
60	220	2.4461560992834803
60	230	2.3627911506848154
60	240	2.2847113799226597
60	250	2.2114639215731056
60	260	2.142639459072398
60	270	2.0778598640758923
60	280	2.0167624168596596
60	290	1.9589854348619096
60	300	1.9041633202029644
60	310	1.8519423932526238
60	320	1.8020204896552272
60	330	1.7541886386072523
60	340	1.7083387818453901
60	350	1.6644281313209357
70	-150	3.702179917155182
70	-140	3.8972895039529676
70	-130	4.106351719994013
70	-120	4.329005135926654
70	-110	4.564271811691011
70	-100	4.8107176592677785
70	-90	5.067762209940138
70	-80	5.341802750517222
70	-70	5.697296248766579
70	-60	6.010402317718545
70	-50	6.090647477408255
70	-40	6.259050858728177
70	-30	6.43772268690917
70	-20	6.501919365273865
70	-10	6.445943287357324
70	0	6.408720463939436
70	10	6.396810980540405
70	20	6.18979249776546
70	30	5.8533515168501555
70	40	5.607587250145955
70	50	5.592596831887047
70	60	5.102829819400589
70	70	4.771768466138997
70	80	4.517392333743938
70	90	4.292762149988164
70	100	4.087881519743541
70	110	3.898994468591018
70	120	3.7242685501556028
70	130	3.562704954078134
70	140	3.4137931661780794
70	150	3.277181387533451
70	160	3.1511823753058574
70	170	3.0293987318078144
70	180	2.906633494419305
70	190	2.7883273867083633
70	200	2.678636930020191
70	210	2.577482787016121
70	220	2.4838464013944286
70	230	2.3968129946484593
70	240	2.3156634989787293
70	250	2.2398229895720965
70	260	2.1688107515982313
70	270	2.102201727832017
70	280	2.039591386699985
70	290	1.9805594439520313
70	300	1.924642192749144
70	310	1.8713469389499833
70	320	1.8202419249863506
70	330	1.77107779986749
70	340	1.7238155810862281
70	350	1.6785241159964819
80	-150	3.8229049198323333
80	-140	4.038983280250301
80	-130	4.272568826028499
80	-120	4.523345795359491
80	-110	4.789969184124728
80	-100	5.06977479011461
80	-90	5.358750610098256
80	-80	5.653324300664363
80	-70	5.951352859104277
80	-60	6.219206042640473
80	-50	6.451515003843601
80	-40	6.647645892768566
80	-30	6.765947144240489
80	-20	6.838868357828344
80	-10	6.7260068015864745
80	0	6.620895289339308
80	10	6.505161204067804
80	20	6.4401861862062075
80	30	6.092208940490835
80	40	5.769081004125564
80	50	5.500309828450847
80	60	5.209916679453278
80	70	4.9239122688417165
80	80	4.665918735249701
80	90	4.430610381264631
80	100	4.213788358439586
80	110	4.013215336651775
80	120	3.8276697208060066
80	130	3.6566181552807175
80	140	3.5003880949053805
80	150	3.3610703597061398
80	160	3.2436449520224895
80	170	3.1315185263838
80	180	2.981838056028856
80	190	2.8444777100391128
80	200	2.7251897050578435
80	210	2.6180042021303347
80	220	2.5198947145068797
80	230	2.429269910222973
80	240	2.3451429316253334
80	250	2.266816121801994
80	260	2.1937496240547327
80	270	2.125493146043537
80	280	2.0616303636159685
80	290	2.00170624737506
80	300	1.9451312703479864
80	310	1.8911381260323685
80	320	1.8389726292963984
80	330	1.7882957536901076
80	340	1.7392958140966401
80	350	1.692331325980723
90	-150	3.9458448410632108
90	-140	4.1864828390886535
90	-130	4.449974117012825
90	-120	4.736602154554308
90	-110	5.045354625335141
90	-100	5.3732588304745335
90	-90	5.712645247422151
90	-80	6.0477165866750955
90	-70	6.365307872920957
90	-60	6.665232020061128
90	-50	6.990307791256858
90	-40	7.375812076121644
90	-30	7.330923241918573
90	-20	8.093958711430085
90	-10	7.218563069116149
90	0	7.054768961650053
90	10	6.998992050648249
90	20	6.617549522981255
90	30	6.3685879464968345
90	40	6.036340922351987
90	50	5.692199000659163
90	60	5.387226263535846
90	70	5.099446160667995
90	80	4.830158721945488
90	90	4.579960614614567
90	100	4.347940125160654
90	110	4.1330324081687095
90	120	3.934442988983451
90	130	3.7518861922451583
90	140	3.5862162146411145
90	150	3.4421501923303666
90	160	3.3489595007519903
90	170	3.8082033100865558
90	180	3.0602436826286827
90	190	2.8961922277034113
90	200	2.7684377478542554
90	210	2.6559735550353705
90	220	2.5537847243518894
90	230	2.4598005797693347
90	240	2.372861727269372
90	250	2.2921942803622892
90	260	2.217232380861587
90	270	2.1475434827360176
90	280	2.0827734437593612
90	290	2.022543144491425
90	300	1.9661971022298144
90	310	1.9124208433525416
90	320	1.859458499111805
90	330	1.8066712159328677
90	340	1.7550975609885608
90	350	1.7058743402593701
100	-150	4.068977251555922
100	-140	4.3380307972343735
100	-130	4.637750296930592
100	-120	4.969825011716915
100	-110	5.334683380386554
100	-100	5.732966717602322
100	-90	6.163871524620648
100	-80	6.57797715985134
100	-70	6.940063219661038
100	-60	7.286091250008505
100	-50	7.7575395292720355
100	-40	8.139657448971942
100	-30	7.97459593500561
100	-20	8.035775424470325
100	-10	8.02676348878817
100	0	7.516620732418949
100	10	7.255769263020167
100	20	6.93574130576607
100	30	6.725920228374138
100	40	6.363873423883744
100	50	5.958182797549819
100	60	5.62121318055728
100	70	5.307864322128359
100	80	5.015185336276246
100	90	4.743287473559883
100	100	4.491547607395183
100	110	4.258960411023677
100	120	4.044618934528663
100	130	3.847999921808879
100	140	3.669419932801454
100	150	3.511431379661487
100	160	3.3826243782177428
100	170	3.2669319548259685
100	180	3.0903441891317724
100	190	2.93701721502816
100	200	2.806789754417041
100	210	2.6907157450665933
100	220	2.585097083960059
100	230	2.4880828171349485
100	240	2.3985419975416
100	250	2.315696822916495
100	260	2.2389946941933787
100	270	2.168072617782777
100	280	2.102762677463526
100	290	2.043071862486305
100	300	1.9888394005006738
100	310	1.9381073256862151
100	320	1.885227806960021
100	330	1.8279813817815678
100	340	1.7715515159634572
100	350	1.7190068921638382
110	-150	4.189075865419022
110	-140	4.490271786588824
110	-130	4.833564968209869
110	-120	5.22336614779675
110	-110	5.660800599250978
110	-100	6.153556128581173
110	-90	6.763983185862914
110	-80	7.388079462324566
110	-70	7.757042731719529
110	-60	8.139482382560333
110	-50	8.474217060157912
110	-40	8.667028519937857
110	-30	9.570377370712668
110	-20	8.900560769487376
110	-10	8.482262918676742
110	0	8.11418740985498
110	10	7.842021570679384
110	20	7.561477736348717
110	30	7.065004583584263
110	40	6.691280751418746
110	50	6.2948481477651335
110	60	5.9104329449670345
110	70	5.552856568434374
110	80	5.22380577478224
110	90	4.922167206144411
110	100	4.645410347817038
110	110	4.391321746540405
110	120	4.158252547173545
110	130	3.9450059589633626
110	140	3.75078306310248
110	150	3.575039710018517
110	160	3.4158957910875123
110	170	3.264841383980888
110	180	3.1140239779571353
110	190	2.9710926072095565
110	200	2.8407552650262926
110	210	2.722134580933146
110	220	2.613607749635785
110	230	2.5138694197880342
110	240	2.42193576526612
110	250	2.337067730394133
110	260	2.258741758676366
110	270	2.186685052878586
110	280	2.1210154315460166
110	290	2.062608948041211
110	300	2.0138965962946505
110	310	1.9775940128375287
110	320	1.9306256203607763
110	330	1.8554940560734399
110	340	1.7882337847662457
110	350	1.7310982205849326
120	-150	4.301382606086198
120	-140	4.637290054628545
120	-130	5.032408301193757
120	-120	5.501246767280886
120	-110	6.032622225086434
120	-100	6.632930797226126
120	-90	7.3484041606870925
120	-80	8.111630707093424
120	-70	9.003906648398154
120	-60	9.545217253209909
120	-50	9.945996282451235
120	-40	9.729044892904065
120	-30	9.64361498063245
120	-20	9.353409122038233
120	-10	9.044213823304581
120	0	9.102069748432411
120	10	8.240787965013304
120	20	7.967369463121047
120	30	7.610538814740976
120	40	7.37930084848041
120	50	6.75878263834004
120	60	6.272741754360182
120	70	5.838292006727987
120	80	5.456854085671671
120	90	5.117125700964779
120	100	4.809837136463548
120	110	4.53018064458635
120	120	4.275299279628248
120	130	4.043124071126702
120	140	3.831863913088742
120	150	3.6396042775944606
120	160	3.463659778294694
120	170	3.3002883995632923
120	180	3.146852653872535
120	190	3.003688189949849
120	200	2.871645132543736
120	210	2.7504543530955043
120	220	2.6392237337501863
120	230	2.5369741044110428
120	240	2.4428316741713996
120	250	2.356080103158283
120	260	2.2761964379412296
120	270	2.2029403899399833
120	280	2.1366104404164696
120	290	2.0788730217122553
120	300	2.0364018649715927
120	310	2.0514697647281483
120	320	2.128117112216158
120	330	1.8851568575143407
120	340	1.8017842278354452
120	350	1.7408201233571547
130	-150	4.399587971887481
130	-140	4.769285972217243
130	-130	5.219583643451429
130	-120	5.823490249503075
130	-110	6.533677056141259
130	-100	7.184377869489758
130	-90	8.186662147548375
130	-80	9.500062110705208
130	-70	10.76878063511452
130	-60	11.080528445563923
130	-50	11.695809999947235
130	-40	10.939934415736627
130	-30	10.978893464573972
130	-20	10.24914367701125
130	-10	9.74059850831968
130	0	9.244835194254096
130	10	8.783101775888149
130	20	8.604793554612133
130	30	8.179956911069135
130	40	8.179063419055408
130	50	7.339649013866372
130	60	6.830476033288331
130	70	6.159069205393308
130	80	5.712306363953278
130	90	5.328023524348652
130	100	4.984883999969464
130	110	4.675366616715921
130	120	4.395429832765464
130	130	4.14212147006589
130	140	3.9128109911602356
130	150	3.7048756704848103
130	160	3.515550352142426
130	170	3.342084903016138
130	180	3.182349346337515
130	190	3.0351817460196417
130	200	2.8998995176593745
130	210	2.7757519122113696
130	220	2.6618378652803147
130	230	2.5572256465778325
130	240	2.461050103478479
130	250	2.3725642233731215
130	260	2.291183188429659
130	270	2.2165727336592025
130	280	2.1488770839278484
130	290	2.089370702832968
130	300	2.04269868895614
130	310	2.0244951734328502
130	320	1.9942765870390304
130	330	1.8838889997988884
130	340	1.8072879391798473
130	350	1.7470135559503697
140	-150	4.476775580279971
140	-140	4.874137469337434
140	-130	5.365036588251827
140	-120	6.000973599923005
140	-110	6.780278478886017
140	-100	7.755717039382951
140	-90	9.460592944689894
140	-80	10.84212476242481
140	-70	12.425868826195725
140	-60	13.847190130053242
140	-50	13.421396196570678
140	-40	13.138761636115921
140	-30	12.243404045111903
140	-20	11.709496327758261
140	-10	11.19358287361812
140	0	10.025664762679778
140	10	9.542926242955744
140	20	9.09548968264576
140	30	8.732489020727638
140	40	8.29080366616459
140	50	7.713647275843584
140	60	7.0920012629278935
140	70	6.488204214989147
140	80	5.98880165148321
140	90	5.5557433804632685
140	100	5.1709447838288245
140	110	4.826588020819326
140	120	4.517927744215341
140	130	4.241119835385699
140	140	3.992598750699587
140	150	3.7689521708320033
140	160	3.566956216859841
140	170	3.383707728189641
140	180	3.2168096630648946
140	190	3.064435342836595
140	200	2.92517327348996
140	210	2.7978143069947863
140	220	2.6812438786325923
140	230	2.574428794011648
140	240	2.476431875601207
140	250	2.3864235547347095
140	260	2.3036951100366654
140	270	2.2277000576046135
140	280	2.1581630948266626
140	290	2.0952665867913267
140	300	2.039624985062904
140	310	1.9898669693508384
140	320	1.9350770350414608
140	330	1.8699435303275325
140	340	1.8069025677958108
140	350	1.7501109947431386
150	-150	4.5270206986793236
150	-140	4.9429287208056065
150	-130	5.459556059550558
150	-120	6.122562621389654
150	-110	7.012846668068934
150	-100	8.356909709225752
150	-90	10.328171551295407
150	-80	12.934285629868542
150	-70	15.181448903059197
150	-60	17.315564379170702
150	-50	16.438712363987285
150	-40	15.052953863165612
150	-30	16.65291403667515
150	-20	13.004058359698552
150	-10	12.365784030332227
150	0	11.077720441848621
150	10	10.71918254453904
150	20	10.076216797424072
150	30	9.524794152202261
150	40	8.862401620576929
150	50	8.437663229938597
150	60	7.538594838158613
150	70	6.855130395753115
150	80	6.2956153920972335
150	90	5.8045012623675145
150	100	5.369349827196208
150	110	4.983486003896975
150	120	4.641607051084952
150	130	4.338625835057444
150	140	4.069581620197711
150	150	3.829841573188161
150	160	3.6152751150374045
150	170	3.4223430867815456
150	180	3.248119644889479
150	190	3.090244297201307
150	200	2.946808257105122
150	210	2.8162245234118277
150	220	2.6971326996608678
150	230	2.5883462277190565
150	240	2.4888208408826626
150	250	2.3976230851188514
150	260	2.313891197562527
150	270	2.2368046021543813
150	280	2.1656056413165023
150	290	2.099662376604929
150	300	2.038292526910691
150	310	1.9799251916580802
150	320	1.921779704254721
150	330	1.8629092376378955
150	340	1.8055386082713518
150	350	1.7515045307568702
160	-150	4.546219004575483
160	-140	4.9700307518621685
160	-130	5.499126859158917
160	-120	6.18707995384191
160	-110	7.1460159425882575
160	-100	8.715245707015713
160	-90	10.877358721561544
160	-80	13.594879289043469
160	-70	17.42339701335273
160	-60	20.70257032262951
160	-50	19.21881731572586
160	-40	16.934894893869842
160	-30	16.432915485629124
160	-20	15.087282076878008
160	-10	13.597378107633961
160	0	12.55997402793329
160	10	11.936230888686088
160	20	11.239163340485478
160	30	10.499169467428068
160	40	9.571570130948835
160	50	8.80037490994215
160	60	8.024753259149952
160	70	7.298243971501916
160	80	6.652220043070156
160	90	6.0826791641917906
160	100	5.582508784797196
160	110	5.145413852747803
160	120	4.764592631609621
160	130	4.432494743965782
160	140	4.141686657677384
160	150	3.885545361170298
160	160	3.658529205190865
160	170	3.456141449736331
160	180	3.2747736284866766
160	190	3.1115302931913558
160	200	2.9640683608667144
160	210	2.830465025403478
160	220	2.709120727515007
160	230	2.5986916786459635
160	240	2.4980355238607195
160	250	2.4061456365483562
160	260	2.3220428576192895
160	270	2.2446154907881217
160	280	2.1725331183921117
160	290	2.1045152462933414
160	300	2.039763125704403
160	310	1.9777702681120386
160	320	1.9179548359065832
160	330	1.8600990670000304
160	340	1.8046437074654897
160	350	1.7521090206197507
170	-150	4.5324323605276176
170	-140	4.952011928032726
170	-130	5.474577664464235
170	-120	6.152498947208816
170	-110	7.092992652607742
170	-100	8.664096649853775
170	-90	10.905935758831308
170	-80	14.842646670168959
170	-70	15.165219808113347
170	-60	18.628027753124524
170	-50	18.23739183311327
170	-40	17.019508345387507
170	-30	19.10298103225336
170	-20	16.042386101781677
170	-10	15.380370684538496
170	0	14.689681170573596
170	10	13.801867442446843
170	20	13.230639158671737
170	30	11.967043759355223
170	40	11.043876242480739
170	50	9.710394478466911
170	60	8.776495978337692
170	70	7.898102168694912
170	80	7.090019026745447
170	90	6.404716293904162
170	100	5.813815476252243
170	110	5.310780978255497
170	120	4.883853254608407
170	130	4.519800054977522
170	140	4.206480431865123
170	150	3.934047169909673
170	160	3.694984863162495
170	170	3.483604666797979
170	180	3.2955308658829634
170	190	3.127322735554827
170	200	2.9762204401789525
170	210	2.839981793832198
170	220	2.71677792355137
170	230	2.605123568948668
170	240	2.503823302954282
170	250	2.4119046064653262
170	260	2.3284586892157177
170	270	2.2522100507668608
170	280	2.1808349823669593
170	290	2.1115296226768736
170	300	2.0436726427228384
170	310	1.978591920678578
170	320	1.917012393383904
170	330	1.8588601718105249
170	340	1.8039539153943644
170	350	1.7521754741188755
180	-150	4.486407150329597
180	-140	4.889824215482383
180	-130	5.386332131347156
180	-120	6.018333438149454
180	-110	6.864294825079871
180	-100	8.086345225885262
180	-90	9.945296627970304
180	-80	14.13454982875577
180	-70	13.301397433737062
180	-60	15.964925637320535
180	-50	17.2341984870072
180	-40	15.930525888080524
180	-30	16.13948852240335
180	-20	16.64427589029209
180	-10	18.583791545974453
180	0	16.990727913119287
180	10	15.308078994706669
180	20	16.834313843179316
180	30	14.77101444756926
180	40	12.629551990800637
180	50	11.07543322441683
180	60	10.537745808720713
180	70	8.724321446933462
180	80	7.684037892139127
180	90	6.804759602533167
180	100	6.067299309359589
180	110	5.47571361049743
180	120	4.994435724980878
180	130	4.596805288870009
180	140	4.261414328058174
180	150	3.9734898720690413
180	160	3.723146291348065
180	170	3.5034597194979207
180	180	3.3093113497496045
180	190	3.136736768047846
180	200	2.9825628146734804
180	210	2.844222055902446
180	220	2.719653495316384
180	230	2.6072434060279237
180	240	2.5057999187067024
180	250	2.414566945943781
180	260	2.33322800490593
180	270	2.261399770848809
180	280	2.195383836620465
180	290	2.125108644422654
180	300	2.050699682566513
180	310	1.9806242121683346
180	320	1.9166404326810198
180	330	1.8577345399210952
180	340	1.8029427898991697
180	350	1.751641351703609
190	-150	4.411613304201469
190	-140	4.789397322376829
190	-130	5.245497372188941
190	-120	5.808895270470979
190	-110	6.5251023091483535
190	-100	7.471926816791402
190	-90	8.903408954566961
190	-80	10.49338818318943
190	-70	11.587985812487894
190	-60	12.054633246078158
190	-50	13.173706106942472
190	-40	13.693791056111563
190	-30	15.113902662165057
190	-20	15.45316563844599
190	-10	16.627764537815196
190	0	16.86938668128329
190	10	16.58866664797016
190	20	18.79845983054251
190	30	18.282157130915643
190	40	14.8842919979925
190	50	12.925509417460487
190	60	11.339891993263187
190	70	9.534759305313564
190	80	9.055960890357575
190	90	7.299941160957693
190	100	6.353195535284687
190	110	5.631017308502906
190	120	5.088465206550007
190	130	4.659747637983624
190	140	4.3047174193506175
190	150	4.002693810591413
190	160	3.741972532299119
190	170	3.5146952579296906
190	180	3.3151689445463637
190	190	3.1389579679416766
190	200	2.9824378480995546
190	210	2.8426641028813906
190	220	2.7173110822688846
190	230	2.6046236274114034
190	240	2.5034255955929865
190	250	2.41329380208103
190	260	2.335217256775917
190	270	2.273779821736852
190	280	2.2373374933278645
190	290	2.163575273702247
190	300	2.061303541939347
190	310	1.981990725418265
190	320	1.915281370177358
190	330	1.8557467131344236
190	340	1.801145068613681
190	350	1.7503703779131028
200	-150	4.313463409624196
200	-140	4.659839313227129
200	-130	5.068530198661433
200	-120	5.556744415652722
200	-110	6.146662214584941
200	-100	6.864657903087572
200	-90	7.724214841123929
200	-80	8.624029911586739
200	-70	9.759003483049307
200	-60	10.166185042488666
200	-50	11.058755568447863
200	-40	11.948052083132534
200	-30	13.248689884688908
200	-20	14.0097328687752
200	-10	14.11729123913947
200	0	15.71397702885229
200	10	17.149708030774498
200	20	17.30582044085694
200	30	17.85781739908634
200	40	14.756494257341087
200	50	14.418196633836573
200	60	13.125529921719487
200	70	11.1187763460174
200	80	9.099274606266668
200	90	8.136631014925204
200	100	6.741743310088906
200	110	5.7451200254411505
200	120	5.156242632509434
200	130	4.709140304098134
200	140	4.337839759757603
200	150	4.0221541318340055
200	160	3.7513261159898783
200	170	3.516645685402046
200	180	3.312241750490637
200	190	3.133206594348182
200	200	2.9752361021012343
200	210	2.834849475816287
200	220	2.709382793061094
200	230	2.5968940624248398
200	240	2.496143769709573
200	250	2.4068299296187425
200	260	2.330711113784339
200	270	2.277725939351742
200	280	2.351873420503148
200	290	2.245625018441849
200	300	2.0646549073048837
200	310	1.9790176581300576
200	320	1.9114541413120623
200	330	1.8521787920797523
200	340	1.7982267678032153
200	350	1.7482669358852156
210	-150	4.198125709662461
210	-140	4.510918627241982
210	-130	4.871456798913113
210	-120	5.288692424543806
210	-110	5.77120222133199
210	-100	6.323048423641322
210	-90	6.933704689290702
210	-80	7.571111921556902
210	-70	8.203136144183839
210	-60	8.819110173362894
210	-50	9.634151842601089
210	-40	10.124845871427931
210	-30	10.8862433638829
210	-20	11.895508991222908
210	-10	11.780021299645721
210	0	12.78075639104061
210	10	14.373675565250357
210	20	14.416174889345635
210	30	15.063469466301411
210	40	13.898759353954741
210	50	13.349265227752262
210	60	12.690027360574442
210	70	11.403196027923276
210	80	9.91749020863268
210	90	8.418354589280863
210	100	6.651308789327478
210	110	5.762392881498118
210	120	5.204960380653873
210	130	4.7698624220029675
210	140	4.3702924240225105
210	150	4.035762561773318
210	160	3.7532302581506656
210	170	3.508951305746437
210	180	3.299529976111336
210	190	3.1186546747138535
210	200	2.960401529728987
210	210	2.820423291527449
210	220	2.6956343511326635
210	230	2.5838667587293394
210	240	2.483705173105562
210	250	2.3945502151187865
210	260	2.317118896186449
210	270	2.2549152227886635
210	280	2.211344817687406
210	290	2.139738395648353
210	300	2.045826930135692
210	310	1.9692935696708074
210	320	1.9044157750492263
210	330	1.8466921431316834
210	340	1.7940414647373146
210	350	1.7453325896419647
220	-150	4.071479591782707
220	-140	4.351208593261151
220	-130	4.666738192083609
220	-120	5.022105376393562
220	-110	5.419587231919713
220	-100	5.857296520918466
220	-90	6.326368950663705
220	-80	6.81155659714108
220	-70	7.298700444896902
220	-60	7.7874776554987495
220	-50	8.296757335468042
220	-40	9.032927480830777
220	-30	9.25837704405152
220	-20	9.656852336801322
220	-10	10.11389565925185
220	0	11.086367384535077
220	10	12.38794014285931
220	20	12.16319803964298
220	30	13.364311282961651
220	40	12.605618699598859
220	50	14.048470839700034
220	60	11.046508789699345
220	70	9.456614246157166
220	80	8.254966755814296
220	90	7.685114051360245
220	100	6.44798882180562
220	110	5.702543967799521
220	120	5.32674025393997
220	130	5.143339944789581
220	140	4.407516558609293
220	150	4.063639526466669
220	160	3.758022028392066
220	170	3.4900864377732352
220	180	3.2752813405453374
220	190	3.094354550999693
220	200	2.9374804481561947
220	210	2.799191114126651
220	220	2.676017954571984
220	230	2.565608373945901
220	240	2.4663524355450717
220	250	2.3772208094573077
220	260	2.2976426088218744
220	270	2.2269037711206354
220	280	2.161428828225047
220	290	2.0931791280831944
220	300	2.0222316150809996
220	310	1.9554235586784423
220	320	1.8946967374781334
220	330	1.8393952700384169
220	340	1.7886337632880223
220	350	1.741676266827749
230	-150	3.938495460755113
230	-140	4.187292053123473
230	-130	4.462672814991531
230	-120	4.766061812103047
230	-110	5.0972280593097
230	-100	5.453245732485329
230	-90	5.827883241695588
230	-80	6.212593495999265
230	-70	6.59959346657534
230	-60	6.985344506211567
230	-50	7.370624999039711
230	-40	7.748906436534522
230	-30	8.085763705442272
230	-20	8.411576010836603
230	-10	8.78006674491776
230	0	9.243424177908908
230	10	9.74954012582625
230	20	10.101462456831285
230	30	10.6613679816874
230	40	9.936608951487434
230	50	9.28769785522026
230	60	8.787852163833342
230	70	8.06549610211446
230	80	7.264701753764537
230	90	6.705263642608319
230	100	6.410146600428703
230	110	5.667364477047282
230	120	5.274459676391296
230	130	4.793807338238939
230	140	4.339200362128153
230	150	4.2592718608433096
230	160	3.7542397796390508
230	170	3.450498604292503
230	180	3.236702822972824
230	190	3.0594947379414354
230	200	2.9062868992564117
230	210	2.7711981482143573
230	220	2.650696416541147
230	230	2.5424040277861875
230	240	2.4446235109983427
230	250	2.3560794532024456
230	260	2.27566977828586
230	270	2.202041920246712
230	280	2.133064208687233
230	290	2.066412151652639
230	300	2.001706752858175
230	310	1.9403249593785834
230	320	1.8832477189689905
230	330	1.8306044010712137
230	340	1.7821387707070935
230	350	1.7374669555487328
240	-150	3.8030327744037997
240	-140	4.023767917659423
240	-130	4.264181477075699
240	-120	4.5244025209116945
240	-110	4.803310764188439
240	-100	5.098130629592357
240	-90	5.4043778045545
240	-80	5.7164827440409915
240	-70	6.029011775317602
240	-60	6.337650725188676
240	-50	6.638652927741753
240	-40	6.926454872378993
240	-30	7.19599154432081
240	-20	7.452870277607499
240	-10	7.708782836175511
240	0	7.963288382699794
240	10	8.186144051329846
240	20	8.339497247435233
240	30	8.430366464854812
240	40	8.255650334624605
240	50	7.889477356974725
240	60	7.563293155843908
240	70	7.080933209005238
240	80	6.501328910903482
240	90	6.154116072354954
240	100	5.767043815119568
240	110	5.268175617100032
240	120	4.990315005659185
240	130	4.582273113019748
240	140	4.208132066743725
240	150	3.8990641218774673
240	160	3.623915071148642
240	170	3.38143950565481
240	180	3.182840378885923
240	190	3.0142147582450423
240	200	2.867153603968478
240	210	2.736804133517954
240	220	2.620039530642967
240	230	2.514670770440652
240	240	2.419067766787434
240	250	2.3319323405486516
240	260	2.2521120601121023
240	270	2.1784228046977083
240	280	2.1095891518184064
240	290	2.0445342687622694
240	300	1.9828507044598613
240	310	1.9247569845181955
240	320	1.8705924637623599
240	330	1.8205337715668968
240	340	1.774620358131279
240	350	1.732813497321256
250	-150	3.667908965330206
250	-140	3.8636336178874418
250	-130	4.073910590703078
250	-120	4.298260454570619
250	-110	4.535312086989818
250	-100	4.782651845088292
250	-90	5.036879100707172
250	-80	5.293944105934384
250	-70	5.549663101947001
250	-60	5.800089099078643
250	-50	6.041455873056589
250	-40	6.270060255228895
250	-30	6.483252066035186
250	-20	6.680640393504842
250	-10	6.861781606286794
250	0	7.0205451694829115
250	10	7.142055524765957
250	20	7.208513934930423
250	30	7.204340662359257
250	40	7.1367554948652
250	50	7.145028193474699
250	60	6.658004754023019
250	70	6.292009222335274
250	80	5.878730742829252
250	90	5.548144975114694
250	100	5.212381464567125
250	110	4.8653965047352195
250	120	4.579191850556804
250	130	4.438247986614221
250	140	4.083523759652952
250	150	3.7455123636042598
250	160	3.5038619543517244
250	170	3.296749436004745
250	180	3.1171396950917347
250	190	2.9600558654741103
250	200	2.8210240389788277
250	210	2.696689394052348
250	220	2.5845953140525832
250	230	2.4828960336913637
250	240	2.3901504976991146
250	250	2.3051769859386346
250	260	2.2269431777984092
250	270	2.1544939538741192
250	280	2.086955565753944
250	290	2.023644330306575
250	300	1.9641931640073753
250	310	1.9085417808307785
250	320	1.8568029938443575
250	330	1.8091664176132403
250	340	1.7659164966510834
250	350	1.7275206345405567
260	-150	3.535085562643517
260	-140	3.7087310794350272
260	-130	3.893118346842434
260	-120	4.087503429079746
260	-110	4.29050771095769
260	-100	4.500064551263852
260	-90	4.7134781903007426
260	-80	4.927606871749176
260	-70	5.139110632631644
260	-60	5.3446506054519745
260	-50	5.5409810498715535
260	-40	5.725046012836074
260	-30	5.894189943392139
260	-20	6.04605716009395
260	-10	6.177487976084137
260	0	6.2828349159278725
260	10	6.353510633132657
260	20	6.3800366608101795
260	30	6.3561828262291264
260	40	6.29020518588795
260	50	6.165705862246667
260	60	5.909002712553734
260	70	5.6363031806132025
260	80	5.35142426745583
260	90	5.072886048839423
260	100	4.798981731351423
260	110	4.532778378998636
260	120	4.287582379575673
260	130	4.065520748400651
260	140	3.830007389114948
260	150	3.5945803905966027
260	160	3.388186313410322
260	170	3.2060255628751206
260	180	3.0440011178300477
260	190	2.8992541264846667
260	200	2.769236591263634
260	210	2.651761466742042
260	220	2.5450367413258492
260	230	2.4476088956344353
260	240	2.3582845971865445
260	250	2.276059566236445
260	260	2.200063453116855
260	270	2.129529662264863
260	280	2.063801743098639
260	290	2.0023742052563924
260	300	1.9449347789406062
260	310	1.891369495089466
260	320	1.8417396915302289
260	330	1.7962895041394913
260	340	1.7555548430247017
260	350	1.7206854112260792
270	-150	3.4058717588436425
270	-140	3.560117189234121
270	-130	3.7222543473458076
270	-120	3.8914454791174626
270	-110	4.066393742217325
270	-100	4.245326517290105
270	-90	4.426040129895401
270	-80	4.60600438934351
270	-70	4.782497644641912
270	-60	4.952728815951167
270	-50	5.113922391922212
270	-40	5.26337417462123
270	-30	5.398451829231587
270	-20	5.516407732354682
270	-10	5.613914587999467
270	0	5.686584589164899
270	10	5.729041935704134
270	20	5.735879055659616
270	30	5.703175300003676
270	40	5.628706180356121
270	50	5.506267771258606
270	60	5.334936207000521
270	70	5.132809577813789
270	80	4.914747212250785
270	90	4.690985221269444
270	100	4.467255283405057
270	110	4.248027998039255
270	120	4.037529069685197
270	130	3.8357720421188635
270	140	3.638741195344393
270	150	3.4490392490857706
270	160	3.273053564286161
270	170	3.112472340984664
270	180	2.966531006331872
270	190	2.833918736022074
270	200	2.713207115264072
270	210	2.603014853737206
270	220	2.5020952581851943
270	230	2.409360572534053
270	240	2.323871298908653
270	250	2.244813585577768
270	260	2.171478395521971
270	270	2.103251275448463
270	280	2.039617619610337
270	290	1.980180764050836
270	300	1.9246818979070692
270	310	1.873013240362962
270	320	1.8252347164090754
270	330	1.7816309250490037
270	340	1.742885959096882
270	350	1.7105956712714774
280	-150	3.2811002940728557
280	-140	3.4183314577651926
280	-130	3.561307355964513
280	-120	3.709181083431534
280	-110	3.860766668940654
280	-100	4.014536114355666
280	-90	4.168651250239207
280	-80	4.321027119451605
280	-70	4.4694120621449
280	-60	4.611464206929746
280	-50	4.744808380942505
280	-40	4.8670622013680696
280	-30	4.975810644865072
280	-20	5.068499978848042
280	-10	5.142269105926084
280	0	5.193846675272593
280	10	5.219700806683729
280	20	5.216504965463037
280	30	5.181694385184138
280	40	5.11361313505604
280	50	5.011604842008179
280	60	4.878347801926241
280	70	4.721107388179343
280	80	4.548273964366897
280	90	4.366958280976462
280	100	4.182503796360624
280	110	3.9989370802046067
280	120	3.8191332101485327
280	130	3.6444104179820775
280	140	3.4752633356632443
280	150	3.3132071913428613
280	160	3.1604564089443867
280	170	3.0182929572703694
280	180	2.8868838769985063
280	190	2.7657744296356763
280	200	2.654229410840762
280	210	2.5514152336841387
280	220	2.4564998986124484
280	230	2.368702885223271
280	240	2.2873143775724625
280	250	2.21169889213217
280	260	2.1412939922897363
280	270	2.0756109956398863
280	280	2.0142410635507626
280	290	1.9568663040887415
280	300	1.903273202549825
280	310	1.8533682724388532
280	320	1.8072050048812274
280	330	1.7650470095016597
280	340	1.7275236763328965
280	350	1.6960264673934815
290	-150	3.1612641080489827
290	-140	3.2835774558822575
290	-130	3.410007749799068
290	-120	3.5397405747191657
290	-110	3.6717061369842665
290	-100	3.8045813855919555
290	-90	3.93681278036602
290	-80	4.066656987381321
290	-70	4.192231431969294
290	-60	4.311563810683282
290	-50	4.42263019443838
290	-40	4.52337287301519
290	-30	4.611690209665907
290	-20	4.685398530466543
290	-10	4.742191242436967
290	0	4.77965414562001
290	10	4.795400098919439
290	20	4.7873297669954935
290	30	4.753936847967262
290	40	4.694575059475061
290	50	4.609824509106776
290	60	4.5020710222348095
290	70	4.375540797736907
290	80	4.235322364578767
290	90	4.086306848097297
290	100	3.9326610779751965
290	110	3.7777224009588615
290	120	3.6240011454500154
290	130	3.4732316949288347
290	140	3.326705954968092
290	150	3.1857153778119898
290	160	3.051530091244528
290	170	2.925039938859908
290	180	2.8066070894440145
290	190	2.69617036657185
290	200	2.593402417976942
290	210	2.49783338174775
290	220	2.408933991498037
290	230	2.326166850988466
290	240	2.2490154679480137
290	250	2.176999653175493
290	260	2.1096841538053703
290	270	2.046685320770657
290	280	1.9876784872577506
290	290	1.9324068785761073
290	300	1.8806921310779314
290	310	1.8324479562357852
290	320	1.7877025667743158
290	330	1.7466419271841174
290	340	1.7096947253777115
290	350	1.6776862110803612
300	-150	3.0466170657257163
300	-140	3.1558426394651424
300	-130	3.2679451113806497
300	-120	3.3821622289307123
300	-110	3.4975362540337875
300	-100	3.6129178999401916
300	-90	3.7269831109810747
300	-80	3.838260760331261
300	-70	3.9451666566017414
300	-60	4.046037740246405
300	-50	4.13916045984232
300	-40	4.2227887879962065
300	-30	4.29515052280083
300	-20	4.354447410511174
300	-10	4.398865989934516
300	0	4.426625764792524
300	10	4.436087057593129
300	20	4.425917302249879
300	30	4.395287854144204
300	40	4.344075987421851
300	50	4.2730714637976055
300	60	4.1841269348951275
300	70	4.080062173913168
300	80	3.9642563859267987
300	90	3.8401534803432456
300	100	3.710908390140843
300	110	3.579215733540513
300	120	3.4472596229960515
300	130	3.3167535455866677
300	140	3.189071135586336
300	150	3.065383875144517
300	160	2.946678768504804
300	170	2.8336779794842677
300	180	2.726789145376586
300	190	2.626134525204277
300	200	2.531622035536817
300	210	2.4430187839278354
300	220	2.360010720522071
300	230	2.282245759371702
300	240	2.209362854597979
300	250	2.1410109646188595
300	260	2.076861731400777
300	270	2.016618888223035
300	280	1.9600263491463235
300	290	1.9068760016211868
300	300	1.8570158289885326
300	310	1.810359416164551
300	320	1.766898931304043
300	330	1.7267242209072247
300	340	1.6900475516303783
300	350	1.6572170342828352