# over-expression		Number of genes
2.7647364139556885		1.0
2.765698194503784		2.0
2.7658965587615967		3.0
2.767709255218506		4.0
2.767922878265381		5.0
2.768432378768921		6.0
2.768646001815796		7.0
2.76963210105896		8.0
2.770115852355957		9.0
2.7712936401367188		10.0
2.7716712951660156		11.0
2.7719931602478027		12.0
2.7721352577209473		13.0
2.772740125656128		14.0
2.773493766784668		15.0
2.7737386226654053		16.0
2.774240016937256		17.0
2.7743723392486572		18.0
2.776165723800659		19.0
2.776679039001465		20.0
2.777331829071045		21.0
2.777454137802124		22.0
2.779224395751953		23.0
2.7796812057495117		24.0
2.7815611362457275		25.0
2.7816224098205566		26.0
2.781998872756958		27.0
2.782681941986084		28.0
2.783498764038086		29.0
2.7844672203063965		30.0
2.7845089435577393		31.0
2.7861244678497314		32.0
2.7862532138824463		33.0
2.786684274673462		34.0
2.7872190475463867		35.0
2.787569999694824		36.0
2.788464307785034		37.0
2.788663625717163		38.0
2.788677930831909		39.0
2.789832830429077		40.0
2.7935471534729004		41.0
2.793940305709839		42.0
2.794994354248047		43.0
2.795293092727661		44.0
2.7965545654296875		45.0
2.797586441040039		46.0
2.7988951206207275		47.0
2.801563262939453		48.0
2.804165840148926		49.0
2.8044228553771973		50.0
2.8058922290802		51.0
2.807084321975708		52.0
2.8079259395599365		53.0
2.808410882949829		54.0
2.8109729290008545		55.0
2.8119747638702393		56.0
2.8123981952667236		57.0
2.8133323192596436		58.0
2.8138251304626465		59.0
2.815436363220215		60.0
2.8186256885528564		61.0
2.819305896759033		62.0
2.819430112838745		63.0
2.8195104598999023		64.0
2.819648504257202		65.0
2.820718765258789		66.0
2.82283091545105		67.0
2.824009418487549		68.0
2.824355125427246		69.0
2.825071334838867		70.0
2.825413942337036		71.0
2.8265671730041504		72.0
2.8276875019073486		73.0
2.8283112049102783		74.0
2.828321695327759		75.0
2.8291525840759277		76.0
2.83001971244812		77.0
2.830095052719116		78.0
2.834256172180176		79.0
2.8346493244171143		80.0
2.836233139038086		81.0
2.836301326751709		82.0
2.836824893951416		83.0
2.8378753662109375		84.0
2.8404901027679443		85.0
2.8422486782073975		86.0
2.8429901599884033		87.0
2.844170331954956		88.0
2.844271421432495		89.0
2.846472978591919		90.0
2.8468549251556396		91.0
2.848609447479248		92.0
2.849388837814331		93.0
2.850175619125366		94.0
2.851661443710327		95.0
2.8518080711364746		96.0
2.8523261547088623		97.0
2.8542988300323486		98.0
2.854886531829834		99.0
2.8560798168182373		100.0
2.8565616607666016		101.0
2.856743812561035		102.0
2.857128858566284		103.0
2.8612735271453857		104.0
2.861342668533325		105.0
2.8620717525482178		106.0
2.86228609085083		107.0
2.8644728660583496		108.0
2.8650639057159424		109.0
2.865154504776001		110.0
2.866176128387451		111.0
2.8663389682769775		112.0
2.866868495941162		113.0
2.8674368858337402		114.0
2.868295431137085		115.0
2.8706207275390625		116.0
2.8712143898010254		117.0
2.8752224445343018		118.0
2.8761777877807617		119.0
2.876274824142456		120.0
2.8764681816101074		121.0
2.8765437602996826		122.0
2.8769187927246094		123.0
2.877169370651245		124.0
2.880091428756714		125.0
2.881000518798828		126.0
2.882645606994629		127.0
2.883195161819458		128.0
2.8861443996429443		129.0
2.8877193927764893		130.0
2.8886940479278564		131.0
2.8887765407562256		132.0
2.889953851699829		133.0
2.89056134223938		134.0
2.890784978866577		135.0
2.891254425048828		136.0
2.891972780227661		137.0
2.893737554550171		138.0
2.8963944911956787		139.0
2.8966851234436035		140.0
2.8972177505493164		141.0
2.8980393409729004		142.0
2.8992395401000977		143.0
2.900298833847046		144.0
2.9021856784820557		145.0
2.9032299518585205		146.0
2.904008388519287		147.0
2.9054250717163086		148.0
2.9058821201324463		149.0
2.906092882156372		150.0
2.90612530708313		151.0
2.906674861907959		152.0
2.907238006591797		153.0
2.908024549484253		154.0
2.9085023403167725		155.0
2.9093804359436035		156.0
2.9097578525543213		157.0
2.910383939743042		158.0
2.9108448028564453		159.0
2.9108872413635254		160.0
2.911198854446411		161.0
2.9114980697631836		162.0
2.9133145809173584		163.0
2.9142985343933105		164.0
2.9143118858337402		165.0
2.9157402515411377		166.0
2.9169883728027344		167.0
2.9171276092529297		168.0
2.917200803756714		169.0
2.91798734664917		170.0
2.919020652770996		171.0
2.9194936752319336		172.0
2.9200127124786377		173.0
2.920872449874878		174.0
2.921839475631714		175.0
2.922132968902588		176.0
2.922382116317749		177.0
2.923231840133667		178.0
2.925293445587158		179.0
2.9257330894470215		180.0
2.926563024520874		181.0
2.930650472640991		182.0
2.932203769683838		183.0
2.933743476867676		184.0
2.9344348907470703		185.0
2.9344592094421387		186.0
2.934710741043091		187.0
2.935966730117798		188.0
2.936265230178833		189.0
2.9378256797790527		190.0
2.93792462348938		191.0
2.9383699893951416		192.0
2.938983917236328		193.0
2.9422056674957275		194.0
2.9435617923736572		195.0
2.9464778900146484		196.0
2.9472532272338867		197.0
2.9490718841552734		198.0
2.949272632598877		199.0
2.950746536254883		200.0
2.952733278274536		201.0
2.952899694442749		202.0
2.953273296356201		203.0
2.9533700942993164		204.0
2.953447103500366		205.0
2.9546120166778564		206.0
2.9547486305236816		207.0
2.9553756713867188		208.0
2.955982208251953		209.0
2.95796537399292		210.0
2.9590914249420166		211.0
2.960513114929199		212.0
2.964064836502075		213.0
2.9684643745422363		214.0
2.97088885307312		215.0
2.972046375274658		216.0
2.9725093841552734		217.0
2.972806692123413		218.0
2.9733293056488037		219.0
2.974055528640747		220.0
2.9774131774902344		221.0
2.9775450229644775		222.0
2.9777631759643555		223.0
2.9811034202575684		224.0
2.9813191890716553		225.0
2.981658458709717		226.0
2.9821486473083496		227.0
2.983055353164673		228.0
2.985205888748169		229.0
2.987250804901123		230.0
2.988434076309204		231.0
2.989224672317505		232.0
2.990645170211792		233.0
2.991413116455078		234.0
2.9921679496765137		235.0
2.992521286010742		236.0
2.9934194087982178		237.0
2.994710683822632		238.0
2.9971230030059814		239.0
2.9972212314605713		240.0
2.998094320297241		241.0
3.0002260208129883		242.0
3.000839948654175		243.0
3.003211736679077		244.0
3.0033092498779297		245.0
3.0052247047424316		246.0
3.006169319152832		247.0
3.0071606636047363		248.0
3.0076792240142822		249.0
3.00822114944458		250.0
3.008554220199585		251.0
3.0106148719787598		252.0
3.010952949523926		253.0
3.013047456741333		254.0
3.014369487762451		255.0
3.0149247646331787		256.0
3.0155675411224365		257.0
3.016397714614868		258.0
3.0165419578552246		259.0
3.0166797637939453		260.0
3.0169200897216797		261.0
3.0170812606811523		262.0
3.017742156982422		263.0
3.018441915512085		264.0
3.0187008380889893		265.0
3.0198378562927246		266.0
3.0223727226257324		267.0
3.0230307579040527		268.0
3.0230495929718018		269.0
3.026301145553589		270.0
3.0300981998443604		271.0
3.0329346656799316		272.0
3.0330967903137207		273.0
3.0340747833251953		274.0
3.034318447113037		275.0
3.0355327129364014		276.0
3.0386176109313965		277.0
3.0387213230133057		278.0
3.039914846420288		279.0
3.041306257247925		280.0
3.044118642807007		281.0
3.0456764698028564		282.0
3.0462934970855713		283.0
3.0504543781280518		284.0
3.051008462905884		285.0
3.051349401473999		286.0
3.05137300491333		287.0
3.0524086952209473		288.0
3.0539286136627197		289.0
3.0555930137634277		290.0
3.055619716644287		291.0
3.055765151977539		292.0
3.0595576763153076		293.0
3.059736967086792		294.0
3.0628435611724854		295.0
3.0634872913360596		296.0
3.06359601020813		297.0
3.064232587814331		298.0
3.066387414932251		299.0
3.0669193267822266		300.0
3.070244789123535		301.0
3.071079730987549		302.0
3.0724382400512695		303.0
3.07279896736145		304.0
3.0754125118255615		305.0
3.0770938396453857		306.0
3.0772221088409424		307.0
3.0775647163391113		308.0
3.0780746936798096		309.0
3.07879638671875		310.0
3.0802245140075684		311.0
3.0806329250335693		312.0
3.0844950675964355		313.0
3.084611415863037		314.0
3.084648370742798		315.0
3.085495710372925		316.0
3.086385726928711		317.0
3.086397409439087		318.0
3.0864059925079346		319.0
3.0866570472717285		320.0
3.087864875793457		321.0
3.088332176208496		322.0
3.0931332111358643		323.0
3.0975565910339355		324.0
3.1002979278564453		325.0
3.10227632522583		326.0
3.1031670570373535		327.0
3.1041419506073		328.0
3.1064205169677734		329.0
3.106515407562256		330.0
3.1074652671813965		331.0
3.1079261302948		332.0
3.1092774868011475		333.0
3.1093809604644775		334.0
3.1103930473327637		335.0
3.1105282306671143		336.0
3.1117441654205322		337.0
3.1135947704315186		338.0
3.1145217418670654		339.0
3.1154818534851074		340.0
3.116685628890991		341.0
3.1176111698150635		342.0
3.1188242435455322		343.0
3.123711347579956		344.0
3.1238887310028076		345.0
3.126065731048584		346.0
3.1262741088867188		347.0
3.1280109882354736		348.0
3.129122495651245		349.0
3.129307508468628		350.0
3.1300837993621826		351.0
3.1320056915283203		352.0
3.1323745250701904		353.0
3.134822368621826		354.0
3.1351866722106934		355.0
3.138477325439453		356.0
3.142009973526001		357.0
3.1437876224517822		358.0
3.1439526081085205		359.0
3.145230293273926		360.0
3.145841598510742		361.0
3.1477928161621094		362.0
3.148212432861328		363.0
3.1499319076538086		364.0
3.150960683822632		365.0
3.152559757232666		366.0
3.1526987552642822		367.0
3.1537578105926514		368.0
3.1539502143859863		369.0
3.1563708782196045		370.0
3.159268379211426		371.0
3.161811113357544		372.0
3.1628756523132324		373.0
3.1701583862304688		374.0
3.170443534851074		375.0
3.1708076000213623		376.0
3.1750197410583496		377.0
3.176046371459961		378.0
3.1774728298187256		379.0
3.1795554161071777		380.0
3.179586410522461		381.0
3.18165922164917		382.0
3.18253755569458		383.0
3.1836655139923096		384.0
3.1853790283203125		385.0
3.1873958110809326		386.0
3.187577962875366		387.0
3.189423084259033		388.0
3.1896097660064697		389.0
3.1896791458129883		390.0
3.192368745803833		391.0
3.193382978439331		392.0
3.1944684982299805		393.0
3.1958932876586914		394.0
3.1960768699645996		395.0
3.1978979110717773		396.0
3.201233386993408		397.0
3.2025535106658936		398.0
3.202659845352173		399.0
3.203626871109009		400.0
3.203913927078247		401.0
3.207076072692871		402.0
3.212106943130493		403.0
3.2138383388519287		404.0
3.215149402618408		405.0
3.2154040336608887		406.0
3.2159571647644043		407.0
3.224282741546631		408.0
3.2245187759399414		409.0
3.226872205734253		410.0
3.2298779487609863		411.0
3.229982852935791		412.0
3.2350552082061768		413.0
3.2369308471679688		414.0
3.2377665042877197		415.0
3.2394611835479736		416.0
3.2395477294921875		417.0
3.2396960258483887		418.0
3.2398829460144043		419.0
3.240497350692749		420.0
3.241380453109741		421.0
3.241384983062744		422.0
3.2427163124084473		423.0
3.2434537410736084		424.0
3.246826648712158		425.0
3.247898817062378		426.0
3.248480796813965		427.0
3.2497520446777344		428.0
3.2503442764282227		429.0
3.2504658699035645		430.0
3.2522971630096436		431.0
3.2539875507354736		432.0
3.255537748336792		433.0
3.2572293281555176		434.0
3.2590785026550293		435.0
3.262320041656494		436.0
3.264268398284912		437.0
3.26432728767395		438.0
3.271857261657715		439.0
3.2733938694000244		440.0
3.274282693862915		441.0
3.2746191024780273		442.0
3.27489972114563		443.0
3.276218891143799		444.0
3.279587984085083		445.0
3.284780979156494		446.0
3.285466194152832		447.0
3.2879886627197266		448.0
3.288492441177368		449.0
3.2890217304229736		450.0
3.2898952960968018		451.0
3.291374921798706		452.0
3.292755126953125		453.0
3.2949788570404053		454.0
3.2950692176818848		455.0
3.303248405456543		456.0
3.3060147762298584		457.0
3.3087918758392334		458.0
3.3097238540649414		459.0
3.3106045722961426		460.0
3.3155033588409424		461.0
3.3254261016845703		462.0
3.3269126415252686		463.0
3.3285748958587646		464.0
3.329556703567505		465.0
3.332773208618164		466.0
3.3348844051361084		467.0
3.336829662322998		468.0
3.3372316360473633		469.0
3.338484764099121		470.0
3.3385303020477295		471.0
3.3391294479370117		472.0
3.3445308208465576		473.0
3.3464043140411377		474.0
3.347158670425415		475.0
3.3490333557128906		476.0
3.3568480014801025		477.0
3.3611299991607666		478.0
3.3616795539855957		479.0
3.362189292907715		480.0
3.36446475982666		481.0
3.367016077041626		482.0
3.368685245513916		483.0
3.369359254837036		484.0
3.3703532218933105		485.0
3.3719894886016846		486.0
3.3738656044006348		487.0
3.3773622512817383		488.0
3.3778529167175293		489.0
3.3799262046813965		490.0
3.38149356842041		491.0
3.3817460536956787		492.0
3.3822855949401855		493.0
3.3842296600341797		494.0
3.394047975540161		495.0
3.394155979156494		496.0
3.3942172527313232		497.0
3.3972389698028564		498.0
3.397576093673706		499.0
3.397883415222168		500.0
3.398427724838257		501.0
3.3986713886260986		502.0
3.4033892154693604		503.0
3.404005765914917		504.0
3.405961513519287		505.0
3.416102647781372		506.0
3.4168972969055176		507.0
3.418015956878662		508.0
3.4203312397003174		509.0
3.428121328353882		510.0
3.4282875061035156		511.0
3.428406000137329		512.0
3.4293670654296875		513.0
3.433882236480713		514.0
3.4361324310302734		515.0
3.436816930770874		516.0
3.4376039505004883		517.0
3.4380135536193848		518.0
3.4382481575012207		519.0
3.4395523071289062		520.0
3.4410178661346436		521.0
3.4439733028411865		522.0
3.4445831775665283		523.0
3.4483048915863037		524.0
3.449493885040283		525.0
3.4512248039245605		526.0
3.4524288177490234		527.0
3.4538867473602295		528.0
3.4559860229492188		529.0
3.4561307430267334		530.0
3.4566736221313477		531.0
3.4568347930908203		532.0
3.458461284637451		533.0
3.460662364959717		534.0
3.4636337757110596		535.0
3.4646990299224854		536.0
3.4662528038024902		537.0
3.466285228729248		538.0
3.467503786087036		539.0
3.468653440475464		540.0
3.4707391262054443		541.0
3.4715402126312256		542.0
3.473335027694702		543.0
3.4737908840179443		544.0
3.475043773651123		545.0
3.4773473739624023		546.0
3.4793784618377686		547.0
3.482761859893799		548.0
3.4841010570526123		549.0
3.487757682800293		550.0
3.491926670074463		551.0
3.495006799697876		552.0
3.49521803855896		553.0
3.497529983520508		554.0
3.5002970695495605		555.0
3.5014495849609375		556.0
3.5016674995422363		557.0
3.5023672580718994		558.0
3.50251841545105		559.0
3.5052640438079834		560.0
3.509018898010254		561.0
3.5096492767333984		562.0
3.5104193687438965		563.0
3.512885332107544		564.0
3.51312518119812		565.0
3.513253927230835		566.0
3.5142433643341064		567.0
3.5146331787109375		568.0
3.5148839950561523		569.0
3.516331911087036		570.0
3.5182619094848633		571.0
3.518347978591919		572.0
3.518575668334961		573.0
3.5201807022094727		574.0
3.5206093788146973		575.0
3.522801160812378		576.0
3.525554656982422		577.0
3.530026435852051		578.0
3.5356411933898926		579.0
3.5359628200531006		580.0
3.537313461303711		581.0
3.5399463176727295		582.0
3.5405211448669434		583.0
3.540949583053589		584.0
3.5430290699005127		585.0
3.544323205947876		586.0
3.5445804595947266		587.0
3.545397996902466		588.0
3.5554094314575195		589.0
3.5604898929595947		590.0
3.5635666847229004		591.0
3.5666024684906006		592.0
3.5745420455932617		593.0
3.5804827213287354		594.0
3.5813252925872803		595.0
3.5814321041107178		596.0
3.5907771587371826		597.0
3.5943472385406494		598.0
3.5953054428100586		599.0
3.5977492332458496		600.0
3.600043535232544		601.0
3.604383945465088		602.0
3.6052701473236084		603.0
3.608232021331787		604.0
3.620936870574951		605.0
3.6226282119750977		606.0
3.62489652633667		607.0
3.6259522438049316		608.0
3.6269571781158447		609.0
3.6297266483306885		610.0
3.6305932998657227		611.0
3.63118577003479		612.0
3.639885187149048		613.0
3.6438469886779785		614.0
3.644578695297241		615.0
3.6447019577026367		616.0
3.6499125957489014		617.0
3.6502225399017334		618.0
3.6619160175323486		619.0
3.681654691696167		620.0
3.684330940246582		621.0
3.686066150665283		622.0
3.688817262649536		623.0
3.695636749267578		624.0
3.7037923336029053		625.0
3.707975149154663		626.0
3.7085752487182617		627.0
3.7116329669952393		628.0
3.7119107246398926		629.0
3.713066339492798		630.0
3.7144339084625244		631.0
3.719405174255371		632.0
3.724402666091919		633.0
3.730448007583618		634.0
3.7338318824768066		635.0
3.7373945713043213		636.0
3.742872953414917		637.0
3.744900941848755		638.0
3.7458395957946777		639.0
3.7461557388305664		640.0
3.7565577030181885		641.0
3.760287046432495		642.0
3.7605865001678467		643.0
3.7645931243896484		644.0
3.7661561965942383		645.0
3.767082452774048		646.0
3.7673377990722656		647.0
3.778696060180664		648.0
3.7821121215820312		649.0
3.787019968032837		650.0
3.79616641998291		651.0
3.7963931560516357		652.0
3.804107904434204		653.0
3.810284376144409		654.0
3.8108999729156494		655.0
3.812042474746704		656.0
3.812251567840576		657.0
3.8135406970977783		658.0
3.8140108585357666		659.0
3.815171718597412		660.0
3.8155689239501953		661.0
3.822012186050415		662.0
3.8244807720184326		663.0
3.826218366622925		664.0
3.829802989959717		665.0
3.8337342739105225		666.0
3.834944486618042		667.0
3.8390555381774902		668.0
3.8511860370635986		669.0
3.8631432056427		670.0
3.869352102279663		671.0
3.897343873977661		672.0
3.9005558490753174		673.0
3.9064748287200928		674.0
3.9075229167938232		675.0
3.9084830284118652		676.0
3.9149835109710693		677.0
3.918131113052368		678.0
3.919499635696411		679.0
3.9217450618743896		680.0
3.9246816635131836		681.0
3.926645278930664		682.0
3.930098056793213		683.0
3.930189847946167		684.0
3.934864044189453		685.0
3.941632032394409		686.0
3.944478988647461		687.0
3.9477977752685547		688.0
3.9508450031280518		689.0
3.9517111778259277		690.0
3.955374002456665		691.0
3.960894823074341		692.0
3.963913679122925		693.0
3.9712276458740234		694.0
3.9743032455444336		695.0
3.9795594215393066		696.0
3.9964334964752197		697.0
3.9966495037078857		698.0
3.9969639778137207		699.0
4.001136302947998		700.0
4.007219314575195		701.0
4.00813627243042		702.0
4.010080814361572		703.0
4.020364284515381		704.0
4.0302581787109375		705.0
4.032736301422119		706.0
4.037474632263184		707.0
4.0384440422058105		708.0
4.042635440826416		709.0
4.043682098388672		710.0
4.047140121459961		711.0
4.04799747467041		712.0
4.049648284912109		713.0
4.050697326660156		714.0
4.052491188049316		715.0
4.056340217590332		716.0
4.05739688873291		717.0
4.0729660987854		718.0
4.0748186111450195		719.0
4.083587169647217		720.0
4.085373878479004		721.0
4.087774276733398		722.0
4.090437889099121		723.0
4.097479343414307		724.0
4.102293968200684		725.0
4.104323387145996		726.0
4.115023612976074		727.0
4.119638442993164		728.0
4.1250715255737305		729.0
4.128419876098633		730.0
4.128962516784668		731.0
4.143967151641846		732.0
4.148837566375732		733.0
4.14949369430542		734.0
4.158093452453613		735.0
4.169909477233887		736.0
4.177579879760742		737.0
4.18092679977417		738.0
4.181117057800293		739.0
4.184445858001709		740.0
4.187891006469727		741.0
4.200584411621094		742.0
4.204785346984863		743.0
4.213474750518799		744.0
4.22097635269165		745.0
4.224292755126953		746.0
4.228982448577881		747.0
4.229907989501953		748.0
4.240867614746094		749.0
4.242069721221924		750.0
4.254762172698975		751.0
4.264504432678223		752.0
4.2703938484191895		753.0
4.272660255432129		754.0
4.272795677185059		755.0
4.272927761077881		756.0
4.2768683433532715		757.0
4.2775750160217285		758.0
4.277874946594238		759.0
4.2813262939453125		760.0
4.2980146408081055		761.0
4.299127578735352		762.0
4.306756019592285		763.0
4.312020301818848		764.0
4.313540935516357		765.0
4.31791877746582		766.0
4.3179802894592285		767.0
4.323038578033447		768.0
4.3372578620910645		769.0
4.346778392791748		770.0
4.35435152053833		771.0
4.359744071960449		772.0
4.3609619140625		773.0
4.36561393737793		774.0
4.366909503936768		775.0
4.386592388153076		776.0
4.3866167068481445		777.0
4.394711017608643		778.0
4.405460357666016		779.0
4.424688816070557		780.0
4.439153671264648		781.0
4.444197177886963		782.0
4.4455037117004395		783.0
4.4482421875		784.0
4.450493335723877		785.0
4.4598259925842285		786.0
4.46120023727417		787.0
4.497129917144775		788.0
4.499127388000488		789.0
4.505924224853516		790.0
4.509082317352295		791.0
4.512001037597656		792.0
4.518087387084961		793.0
4.548189163208008		794.0
4.566727638244629		795.0
4.573397159576416		796.0
4.574086666107178		797.0
4.575051307678223		798.0
4.5754852294921875		799.0
4.586509704589844		800.0
4.59539794921875		801.0
4.618866443634033		802.0
4.6196794509887695		803.0
4.624626159667969		804.0
4.629982948303223		805.0
4.631645679473877		806.0
4.6428022384643555		807.0
4.645320415496826		808.0
4.682307243347168		809.0
4.692627906799316		810.0
4.697998046875		811.0
4.700599670410156		812.0
4.734407901763916		813.0
4.7388763427734375		814.0
4.754204750061035		815.0
4.758946895599365		816.0
4.769824981689453		817.0
4.78248405456543		818.0
4.8141865730285645		819.0
4.817448139190674		820.0
4.820316791534424		821.0
4.828007698059082		822.0
4.831921577453613		823.0
4.832665920257568		824.0
4.832979679107666		825.0
4.8953142166137695		826.0
4.906567573547363		827.0
4.914321422576904		828.0
4.921159744262695		829.0
4.936649322509766		830.0
4.938271522521973		831.0
4.941763877868652		832.0
4.960117340087891		833.0
4.9925994873046875		834.0
5.025466442108154		835.0
5.0328049659729		836.0
5.034771919250488		837.0
5.041511058807373		838.0
5.046964645385742		839.0
5.0487213134765625		840.0
5.053257942199707		841.0
5.055424690246582		842.0
5.063351631164551		843.0
5.0711565017700195		844.0
5.093038558959961		845.0
5.137425899505615		846.0
5.1913557052612305		847.0
5.1919264793396		848.0
5.1935014724731445		849.0
5.262892246246338		850.0
5.280774116516113		851.0
5.298015117645264		852.0
5.314486503601074		853.0
5.3284478187561035		854.0
5.334303379058838		855.0
5.336658000946045		856.0
5.34068489074707		857.0
5.369255542755127		858.0
5.382164001464844		859.0
5.414856433868408		860.0
5.457610607147217		861.0
5.491034030914307		862.0
5.511195659637451		863.0
5.511239528656006		864.0
5.513855457305908		865.0
5.522207736968994		866.0
5.547199726104736		867.0
5.593002796173096		868.0
5.599795341491699		869.0
5.605121612548828		870.0
5.609593391418457		871.0
5.642841815948486		872.0
5.702881813049316		873.0
5.737702369689941		874.0
5.752303123474121		875.0
5.776386737823486		876.0
5.781224727630615		877.0
5.853209495544434		878.0
5.861217975616455		879.0
5.884583473205566		880.0
5.897140026092529		881.0
5.9170918464660645		882.0
5.945744037628174		883.0
6.008494853973389		884.0
6.035363674163818		885.0
6.051156520843506		886.0
6.075997829437256		887.0
6.09859037399292		888.0
6.118567943572998		889.0
6.151801586151123		890.0
6.211359977722168		891.0
6.232807636260986		892.0
6.257643699645996		893.0
6.285749912261963		894.0
6.3000407218933105		895.0
6.300861358642578		896.0
6.337493896484375		897.0
6.3536906242370605		898.0
6.353842735290527		899.0
6.363648414611816		900.0
6.3850202560424805		901.0
6.4798970222473145		902.0
6.50518274307251		903.0
6.5689568519592285		904.0
6.600108623504639		905.0
6.635365962982178		906.0
6.636788368225098		907.0
6.664700508117676		908.0
6.6822733879089355		909.0
6.687604904174805		910.0
6.703833103179932		911.0
6.707231521606445		912.0
6.709057331085205		913.0
6.814128398895264		914.0
6.817318916320801		915.0
6.862398624420166		916.0
6.892807483673096		917.0
6.920685768127441		918.0
7.083413600921631		919.0
7.143893241882324		920.0
7.2302446365356445		921.0
7.31630802154541		922.0
7.33344841003418		923.0
7.337703227996826		924.0
7.373781681060791		925.0
7.421610355377197		926.0
7.439006805419922		927.0
7.484498500823975		928.0
7.541508197784424		929.0
7.542746543884277		930.0
7.55173921585083		931.0
7.565497875213623		932.0
7.576515197753906		933.0
7.597555637359619		934.0
7.647693157196045		935.0
7.678562641143799		936.0
7.684162139892578		937.0
7.73214054107666		938.0
7.741681098937988		939.0
7.914731025695801		940.0
7.987329006195068		941.0
8.000808715820312		942.0
8.04468822479248		943.0
8.228462219238281		944.0
8.233132362365723		945.0
8.27419376373291		946.0
8.331645965576172		947.0
8.354557991027832		948.0
8.429006576538086		949.0
8.471944808959961		950.0
8.490187644958496		951.0
8.607681274414062		952.0
8.651392936706543		953.0
8.666431427001953		954.0
8.695917129516602		955.0
8.79155445098877		956.0
8.809542655944824		957.0
8.915788650512695		958.0
8.921786308288574		959.0
8.939535140991211		960.0
8.995954513549805		961.0
9.0023832321167		962.0
9.021749496459961		963.0
9.113432884216309		964.0
9.120011329650879		965.0
9.149982452392578		966.0
9.212369918823242		967.0
9.310450553894043		968.0
9.413033485412598		969.0
9.593891143798828		970.0
9.613666534423828		971.0
9.616061210632324		972.0
9.799394607543945		973.0
9.815910339355469		974.0
9.90022087097168		975.0
9.982746124267578		976.0
10.013379096984863		977.0
10.032522201538086		978.0
10.29240608215332		979.0
10.32421588897705		980.0
10.37007999420166		981.0
10.629249572753906		982.0
10.65623664855957		983.0
10.816451072692871		984.0
11.192904472351074		985.0
11.710931777954102		986.0
11.751325607299805		987.0
11.85093879699707		988.0
11.978095054626465		989.0
11.990466117858887		990.0
12.298853874206543		991.0
13.071371078491211		992.0
13.218749046325684		993.0
13.377434730529785		994.0
13.547745704650879		995.0
14.404038429260254		996.0
14.6863374710083		997.0
15.581222534179688		998.0
15.982109069824219		999.0
40.33993148803711		1000.0
